#Layer_Color=32768
#
#Feature symbol names
#
$0 r3.937
$1 r0.1969
$2 r7.874
$3 r1.9685
$4 r4
$5 r10

#
#Feature attribute names
#

#
#Layer features
#
A -0.1968504 -0.1771654 -0.1968504 -0.1771654 -0.3543307 -0.1771654 2 P 0 N
A -0.1968504 -3.7598425 -0.1968504 -3.7598425 -0.3543307 -3.7598425 2 P 0 N
A -0.4173369 -0.0137794 -0.386794 -0.0000208 -0.4173369 0.0270013 0 P 0 N
A -0.8415525 -0.0000208 -0.8110093 -0.0137795 -0.8110093 0.0270015 0 P 0 N
A -0.9940936 -0.0590555 -0.9940936 -0.0590555 -1.0236212 -0.0590555 0 P 0 N
A -1.2696916 -0.0600395 -1.2696916 -0.0600395 -1.2992192 -0.0600395 0 P 0 N
A -1.4901576 -0.0590555 -1.4901576 -0.0590555 -1.5196852 -0.0590555 0 P 0 N
A -1.4901576 -0.1377955 -1.4901576 -0.1377955 -1.5196852 -0.1377955 0 P 0 N
A -1.4901576 -0.2165355 -1.4901576 -0.2165355 -1.5196852 -0.2165355 0 P 0 N
A -1.4901576 -0.2952755 -1.4901576 -0.2952755 -1.5196852 -0.2952755 0 P 0 N
A -1.6082676 -0.0590555 -1.6082676 -0.0590555 -1.6377952 -0.0590555 0 P 0 N
A -1.6082676 -0.1377955 -1.6082676 -0.1377955 -1.6377952 -0.1377955 0 P 0 N
A -1.6082676 -0.2165355 -1.6082676 -0.2165355 -1.6377952 -0.2165355 0 P 0 N
A -1.6082676 -0.2952755 -1.6082676 -0.2952755 -1.6377952 -0.2952755 0 P 0 N
A -1.7100141 -0.0137794 -1.6794712 -0.0000208 -1.7100141 0.0270013 0 P 0 N
A -1.8503937 -3.7598425 -1.8503937 -3.7598425 -2.007874 -3.7598425 2 P 0 N
A -2.0299213 -0.2551181 -2.0299213 -0.2551181 -2.1874016 -0.2551181 2 P 0 N
A -2.1342297 -0.0000208 -2.1036865 -0.0137795 -2.1036865 0.0270015 0 P 0 N
L 0.0000008 -3.9370075 0.0000008 0.0000005 0 P 0
L -0.0144094 -0.6861023 -0.0144094 -0.4761023 0 P 0
L -0.0146771 -2.0811024 -0.0144094 -1.0761024 0 P 0
L -0.0146771 -3.4811023 -0.0144094 -2.4761023 0 P 0
L -0.0324812 -0.3976375 -0.0324812 -0.3267715 0 P 0
L -0.0472432 -0.3730315 -0.0472432 -0.3513775 0 P 0
L -0.0511812 -0.4517715 -0.0511812 -0.4222435 0 P 0
L -0.0580712 -0.3622055 -0.0364172 -0.3622055 0 P 0
L -0.0620072 -0.3267715 -0.0324812 -0.3267715 0 P 0
L -0.0620072 -0.3976375 -0.0324812 -0.3976375 0 P 0
L -0.0620072 -0.3976375 -0.0620072 -0.3267715 0 P 0
L -0.0738192 -0.4094495 -0.0738192 -0.2834655 0 P 0
L -0.0866132 -0.4478355 -0.0866132 -0.4261815 0 P 0
L -0.0866141 -0.9596457 -0.0866141 -0.8021653 2 P 0
L -0.0974412 -0.4370075 -0.0757872 -0.4370075 0 P 0
L -0.1161417 -0.6811023 -0.1161417 -0.4811023 0 P 0
L -0.1161417 -2.0811024 -0.1161417 -1.0811024 0 P 0
L -0.1161417 -3.4811023 -0.1161417 -2.4811023 0 P 0
L -0.1220472 -0.4222435 -0.0511812 -0.4222435 0 P 0
L -0.1220472 -0.4517715 -0.0511812 -0.4517715 0 P 0
L -0.1220472 -0.4517715 -0.1220472 -0.4222435 0 P 0
L -0.1269692 -0.3661415 -0.1269692 -0.3267715 0 P 0
L -0.1466532 -0.3464575 -0.1072832 -0.3464575 0 P 0
L -0.1496072 -0.4517715 -0.1496072 -0.4222435 0 P 0
L -0.1801192 -0.2834655 -0.0738192 -0.2834655 0 P 0
L -0.1801192 -0.4094495 -0.0738192 -0.4094495 0 P 0
L -0.1801192 -0.4094495 -0.1801192 -0.2834655 0 P 0
L -0.1850392 -0.4478355 -0.1850392 -0.4261815 0 P 0
L -0.1899612 -0.3976375 -0.1899612 -0.3267715 0 P 0
L -0.1958652 -0.4370075 -0.1742132 -0.4370075 0 P 0
L -0.2047252 -0.3730315 -0.2047252 -0.3513775 0 P 0
L -0.2155512 -0.3622055 -0.1938972 -0.3622055 0 P 0
L -0.2165352 -0.1702755 -0.2165352 -0.0255915 0 P 0
L -0.2194872 -0.3267715 -0.1899612 -0.3267715 0 P 0
L -0.2194872 -0.3976375 -0.1899612 -0.3976375 0 P 0
L -0.2194872 -0.3976375 -0.2194872 -0.3267715 0 P 0
L -0.2204732 -0.4222435 -0.1496072 -0.4222435 0 P 0
L -0.2204732 -0.4517715 -0.1496072 -0.4517715 0 P 0
L -0.2204732 -0.4517715 -0.2204732 -0.4222435 0 P 0
L -0.2244094 -0.6004724 -0.2244094 -0.5611023 0 P 0
L -0.2244094 -0.9005905 -0.2244094 -0.8612205 5 P 0
L -0.2244094 -0.9005905 -0.2244094 -0.8612205 5 P 0
L -0.2244094 -1.6011024 -0.2244094 -1.5611024 0 P 0
L -0.2244094 -3.0011023 -0.2244094 -2.9611023 0 P 0
L -0.2437795 -0.5811023 -0.2044094 -0.5811023 0 P 0
L -0.2440944 -0.8809055 -0.2047244 -0.8809055 5 P 0
L -0.2440944 -0.8809055 -0.2047244 -0.8809055 5 P 0
L -0.2444094 -1.5811024 -0.2044094 -1.5811024 0 P 0
L -0.2444094 -2.9811023 -0.2044094 -2.9811023 0 P 0
L -0.2559052 -0.1181095 -0.2559052 -0.0787395 0 P 0
L -0.2755912 -0.0984255 -0.2362212 -0.0984255 0 P 0
L -0.2952752 -0.0255915 -0.2165352 -0.0255915 0 P 0
L -0.2952752 -0.1702755 -0.2165352 -0.1702755 0 P 0
L -0.2952752 -0.1702755 -0.2952752 -0.0255915 0 P 0
L -0.3051172 -0.1702755 -0.3051172 -0.0255915 0 P 0
L -0.3326771 -0.4811023 -0.1161417 -0.4811023 0 P 0
L -0.3326771 -0.6811023 -0.1161417 -0.6811023 0 P 0
L -0.3326771 -0.6811023 -0.3326771 -0.4811023 0 P 0
L -0.3326771 -1.0811024 -0.1161417 -1.0811024 0 P 0
L -0.3326771 -2.0811024 -0.1161417 -2.0811024 0 P 0
L -0.3326771 -2.0811024 -0.3326771 -1.0811024 0 P 0
L -0.3326771 -2.4811023 -0.1161417 -2.4811023 0 P 0
L -0.3326771 -3.4811023 -0.1161417 -3.4811023 0 P 0
L -0.3326771 -3.4811023 -0.3326771 -2.4811023 0 P 0
L -0.3444872 -0.1181095 -0.3444872 -0.0787395 0 P 0
L -0.3476374 -0.5850384 -0.3476374 -0.5141724 0 P 0
L -0.3476386 -0.5078748 -0.3476386 -0.4370068 0 P 0
L -0.3543312 -0.1968495 -0.3543312 -0.1574795 0 P 0
L -0.3543312 -3.7795275 -0.3543312 -3.7401575 0 P 0
L -0.3622047 -0.8021653 -0.0866141 -0.8021653 2 P 0
L -0.3622047 -0.9596457 -0.0866141 -0.9596457 2 P 0
L -0.3622047 -0.9596457 -0.3622047 -0.8021653 2 P 0
L -0.3624014 -0.5604324 -0.3624014 -0.5387804 0 P 0
L -0.3624026 -0.4832668 -0.3624026 -0.4616148 0 P 0
L -0.3641732 -0.0984255 -0.3248032 -0.0984255 0 P 0
L -0.3732286 -0.4724408 -0.3515746 -0.4724408 0 P 0
L -0.3732294 -0.5496064 -0.3515754 -0.5496064 0 P 0
L -0.3740152 -0.1771655 -0.3346452 -0.1771655 0 P 0
L -0.3740152 -3.7598415 -0.3346452 -3.7598415 0 P 0
L -0.3771654 -0.5141724 -0.3476374 -0.5141724 0 P 0
L -0.3771654 -0.5850384 -0.3476374 -0.5850384 0 P 0
L -0.3771654 -0.5850384 -0.3771654 -0.5141724 0 P 0
L -0.3771666 -0.4370068 -0.3476386 -0.4370068 0 P 0
L -0.3771666 -0.5078748 -0.3476386 -0.5078748 0 P 0
L -0.3771666 -0.5078748 -0.3771666 -0.4370068 0 P 0
L -0.3838572 -0.0255915 -0.3051172 -0.0255915 0 P 0
L -0.3838572 -0.1702755 -0.3051172 -0.1702755 0 P 0
L -0.3838572 -0.1702755 -0.3838572 -0.0255915 0 P 0
L -0.3867932 0.0000005 0.0000008 0.0000005 0 P 0
L -0.4143692 -0.3188975 -0.4143692 -0.2716535 0 P 0
L -0.4175196 -0.5643309 -0.4175196 -0.448189 3 P 0
L -0.4188982 -0.4446843 -0.4188982 -0.4151583 0 P 0
L -0.4261732 -0.2217086 -0.4261732 0.0442913 4 P 0
L -0.4281492 -0.3937015 -0.4281492 -0.3228355 0 P 0
L -0.4419236 -1.2608275 -0.4419236 -1.1624015 0 P 0
L -0.4419292 -0.3690935 -0.4419292 -0.3474415 0 P 0
L -0.4527552 -0.3582675 -0.4311032 -0.3582675 0 P 0
L -0.452756 -2.6068898 -0.452756 -2.5616142 0 P 0
L -0.4543302 -0.4407483 -0.4543302 -0.4190943 0 P 0
L -0.4557092 -0.3228355 -0.4281492 -0.3228355 0 P 0
L -0.4557092 -0.3937015 -0.4281492 -0.3937015 0 P 0
L -0.4557092 -0.3937015 -0.4557092 -0.3228355 0 P 0
L -0.4608267 -0.5259449 -0.4608267 -0.4865749 0 P 0
L -0.4645596 -1.2224415 -0.4645596 -1.2007875 0 P 0
L -0.4651582 -0.4299203 -0.4435042 -0.4299203 0 P 0
L -0.4655512 -0.3129915 -0.4655512 -0.2775595 0 P 0
L -0.4753876 -1.2116135 -0.4537336 -1.2116135 0 P 0
L -0.4783472 -0.9153535 -0.4783472 -0.6791335 0 P 0
L -0.4793312 -0.3937015 -0.4793312 -0.3228355 0 P 0
L -0.4804792 -2.7001904 -0.4804792 -2.6726314 0 P 0
L -0.4805117 -0.5062599 -0.4411416 -0.5062599 0 P 0
L -0.4816604 -2.6482219 -0.4816604 -2.6206629 0 P 0
L -0.4832672 -0.2952755 -0.4478352 -0.2952755 0 P 0
L -0.4871976 -1.1624015 -0.4419236 -1.1624015 0 P 0
L -0.4871976 -1.2608275 -0.4419236 -1.2608275 0 P 0
L -0.4871976 -1.2608275 -0.4871976 -1.1624015 0 P 0
L -0.4897642 -0.4151583 -0.4188982 -0.4151583 0 P 0
L -0.4897642 -0.4446843 -0.4188982 -0.4446843 0 P 0
L -0.4897642 -0.4446843 -0.4897642 -0.4151583 0 P 0
L -0.4921196 -1.2608275 -0.4921196 -1.1624015 0 P 0
L -0.4931092 -0.3690935 -0.4931092 -0.3474415 0 P 0
L -0.5019686 -2.5950787 -0.5019686 -2.5734252 0 P 0
L -0.5039372 -0.3582675 -0.4822832 -0.3582675 0 P 0
L -0.5041337 -0.448189 -0.4175196 -0.448189 3 P 0
L -0.5041337 -0.5643309 -0.4175196 -0.5643309 3 P 0
L -0.5041337 -0.5643309 -0.5041337 -0.448189 3 P 0
L -0.5068892 -0.3228355 -0.4793312 -0.3228355 0 P 0
L -0.5068892 -0.3937015 -0.4793312 -0.3937015 0 P 0
L -0.5068892 -0.3937015 -0.5068892 -0.3228355 0 P 0
L -0.5100397 -0.5643308 -0.5100397 -0.448189 3 P 0
L -0.5127954 -2.584252 -0.4911418 -2.584252 0 P 0
L -0.5147576 -1.2224415 -0.5147576 -1.2007875 0 P 0
L -0.5159123 -2.6972377 -0.5159123 -2.6755841 0 P 0
L -0.5167312 -0.2716535 -0.4143692 -0.2716535 0 P 0
L -0.5167312 -0.3188975 -0.4143692 -0.3188975 0 P 0
L -0.5167312 -0.3188975 -0.5167312 -0.2716535 0 P 0
L -0.5170935 -2.6452692 -0.5170935 -2.6236156 0 P 0
L -0.5255836 -1.2116135 -0.5039296 -1.2116135 0 P 0
L -0.5267391 -2.6864109 -0.5050855 -2.6864109 0 P 0
L -0.5279203 -2.6344424 -0.5062667 -2.6344424 0 P 0
L -0.5373956 -1.1624015 -0.4921196 -1.1624015 0 P 0
L -0.5373956 -1.2608275 -0.4921196 -1.2608275 0 P 0
L -0.5373956 -1.2608275 -0.5373956 -1.1624015 0 P 0
L -0.5374016 -0.2391732 -0.5374014 -0.339567 3 P 0
L -0.5423156 -1.2608275 -0.5423156 -1.1624015 0 P 0
L -0.5511811 -2.5616142 -0.452756 -2.5616142 0 P 0
L -0.5511811 -2.6068898 -0.452756 -2.6068898 0 P 0
L -0.5511811 -2.6068898 -0.5511811 -2.5616142 0 P 0
L -0.5513454 -2.6726314 -0.4804792 -2.6726314 0 P 0
L -0.5513454 -2.7001904 -0.4804792 -2.7001904 0 P 0
L -0.5513454 -2.7001904 -0.5513454 -2.6726314 0 P 0
L -0.5525266 -2.6206629 -0.4816604 -2.6206629 0 P 0
L -0.5525266 -2.6482219 -0.4816604 -2.6482219 0 P 0
L -0.5525266 -2.6482219 -0.5525266 -2.6206629 0 P 0
L -0.5533467 -0.5259449 -0.5533467 -0.4865749 0 P 0
L -0.5596132 -2.7129855 -0.5596132 -2.5574735 0 P 0
L -0.5610232 -0.8169295 -0.5610232 -0.7775595 2 P 0
L -0.5649536 -1.2224415 -0.5649536 -1.2007875 0 P 0
L -0.5730318 -0.5062599 -0.5336617 -0.5062599 0 P 0
L -0.5757816 -1.2116135 -0.5541276 -1.2116135 0 P 0
L -0.5771253 -2.9911418 -0.5771253 -2.9458662 0 P 0
L -0.5771253 -3.0374017 -0.5771253 -2.9921261 0 P 0
L -0.5807086 -0.3090551 -0.5807086 -0.269685 0 P 0
L -0.5807092 -0.7972435 -0.5413392 -0.7972435 2 P 0
L -0.5875916 -1.1624015 -0.5423156 -1.1624015 0 P 0
L -0.5875916 -1.2608275 -0.5423156 -1.2608275 0 P 0
L -0.5875916 -1.2608275 -0.5875916 -1.1624015 0 P 0
L -0.5925136 -1.2608275 -0.5925136 -1.1624015 0 P 0
L -0.5966538 -0.448189 -0.5100397 -0.448189 3 P 0
L -0.5966538 -0.5643308 -0.5100397 -0.5643308 3 P 0
L -0.5966538 -0.5643308 -0.5966538 -0.448189 3 P 0
L -0.5970152 -2.6549155 -0.5970152 -2.6155455 0 P 0
L -0.6003937 -0.2893701 -0.5610236 -0.2893701 0 P 0
L -0.6141732 -0.1003937 -0.6141732 -0.0610237 0 P 0
L -0.6151516 -1.2224415 -0.6151516 -1.2007875 0 P 0
L -0.6166992 -2.6352295 -0.5773292 -2.6352295 0 P 0
L -0.6224409 -0.5139763 -0.6224409 -0.3978345 3 P 0
L -0.6240157 -0.2391732 -0.5374016 -0.2391732 3 P 0
L -0.6240157 -0.339567 -0.5374014 -0.339567 3 P 0
L -0.6240157 -0.339567 -0.6240157 -0.2391732 3 P 0
L -0.6259776 -1.2116135 -0.6043236 -1.2116135 0 P 0
L -0.6263379 -2.9793307 -0.6263379 -2.9576772 0 P 0
L -0.6263379 -3.0255906 -0.6263379 -3.0039371 0 P 0
L -0.6338582 -0.0807087 -0.5944882 -0.0807087 0 P 0
L -0.6344172 -2.5574735 -0.5596132 -2.5574735 0 P 0
L -0.6344172 -2.7129855 -0.5596132 -2.7129855 0 P 0
L -0.6344172 -2.7129855 -0.6344172 -2.5574735 0 P 0
L -0.6371646 -2.968504 -0.6155111 -2.968504 0 P 0
L -0.6371646 -3.0147639 -0.6155111 -3.0147639 0 P 0
L -0.6377896 -1.1624015 -0.5925136 -1.1624015 0 P 0
L -0.6377896 -1.2608275 -0.5925136 -1.2608275 0 P 0
L -0.6377896 -1.2608275 -0.6377896 -1.1624015 0 P 0
L -0.6377953 -2.6584646 -0.6377953 -2.613189 0 P 0
L -0.6377953 -2.7037402 -0.6377953 -2.6584646 0 P 0
L -0.6437012 -0.6791335 -0.4783472 -0.6791335 0 P 0
L -0.6437012 -0.9153535 -0.4783472 -0.9153535 0 P 0
L -0.6437012 -0.9153535 -0.6437012 -0.6791335 0 P 0
L -0.6515752 -0.7421255 -0.6515752 -0.6712595 0 P 0
L -0.6515752 -0.8149615 -0.6515752 -0.7440935 0 P 0
L -0.6515752 -0.8897635 -0.6515752 -0.8188975 0 P 0
L -0.6653552 -0.7175195 -0.6653552 -0.6958655 0 P 0
L -0.6653552 -0.7903535 -0.6653552 -0.7687015 0 P 0
L -0.6653552 -0.8651575 -0.6653552 -0.8435035 0 P 0
L -0.665748 -0.4755904 -0.665748 -0.4362204 0 P 0
L -0.6692913 -2.8976378 -0.6692913 -2.7952756 0 P 0
L -0.6755505 -2.9458662 -0.5771253 -2.9458662 0 P 0
L -0.6755505 -2.9911418 -0.5771253 -2.9911418 0 P 0
L -0.6755505 -2.9911418 -0.6755505 -2.9458662 0 P 0
L -0.6755505 -2.9921261 -0.5771253 -2.9921261 0 P 0
L -0.6755505 -3.0374017 -0.5771253 -3.0374017 0 P 0
L -0.6755505 -3.0374017 -0.6755505 -2.9921261 0 P 0
L -0.6761806 -3.167323 -0.6761806 -3.068897 0 P 0
L -0.6761812 -0.7066935 -0.6545272 -0.7066935 0 P 0
L -0.6761812 -0.7795275 -0.6545272 -0.7795275 0 P 0
L -0.6761812 -0.8543315 -0.6545272 -0.8543315 0 P 0
L -0.6791332 -0.6712595 -0.6515752 -0.6712595 0 P 0
L -0.6791332 -0.7421255 -0.6515752 -0.7421255 0 P 0
L -0.6791332 -0.7421255 -0.6791332 -0.6712595 0 P 0
L -0.6791332 -0.7440935 -0.6515752 -0.7440935 0 P 0
L -0.6791332 -0.8149615 -0.6515752 -0.8149615 0 P 0
L -0.6791332 -0.8149615 -0.6791332 -0.7440935 0 P 0
L -0.6791332 -0.8188975 -0.6515752 -0.8188975 0 P 0
L -0.6791332 -0.8897635 -0.6515752 -0.8897635 0 P 0
L -0.6791332 -0.8897635 -0.6791332 -0.8188975 0 P 0
L -0.6811024 -3.8208661 -0.6811024 -3.6043307 0 P 0
L -0.6850401 -3.3543318 -0.6850401 -3.1968498 0 P 0
L -0.685433 -0.4559054 -0.6460629 -0.4559054 0 P 0
L -0.6860232 -0.7421255 -0.6860232 -0.6712595 0 P 0
L -0.6870079 -2.6466536 -0.6870079 -2.6250001 0 P 0
L -0.6870079 -2.6919292 -0.6870079 -2.6702757 0 P 0
L -0.6929133 -2.8641732 -0.6929133 -2.8287401 0 P 0
L -0.6940953 -2.2476377 -0.6940953 -2.2003937 0 P 0
L -0.6960038 -2.294764 -0.6960038 -2.2519687 0 P 0
L -0.6978347 -2.6358268 -0.6761812 -2.6358268 0 P 0
L -0.6978347 -2.6811024 -0.6761812 -2.6811024 0 P 0
L -0.6988186 -3.128937 -0.6988186 -3.107283 0 P 0
L -0.6990148 -0.3070875 -0.6990148 -0.2362195 0 P 0
L -0.7007872 -0.7175195 -0.7007872 -0.6958655 0 P 0
L -0.7009845 -1.0657479 -0.7009845 -0.9948818 0 P 0
L -0.709055 -0.3978345 -0.6224409 -0.3978345 3 P 0
L -0.709055 -0.5139763 -0.6224409 -0.5139763 3 P 0
L -0.709055 -0.5139763 -0.709055 -0.3978345 3 P 0
L -0.7096466 -3.118111 -0.6879926 -3.118111 0 P 0
L -0.7106298 -2.8464567 -0.6751968 -2.8464567 0 P 0
L -0.7116132 -0.7066935 -0.6899612 -0.7066935 0 P 0
L -0.7127948 -0.2824795 -0.7127948 -0.2608275 0 P 0
L -0.7149601 -0.5139769 -0.7149601 -0.3978351 3 P 0
L -0.7155512 -0.6712595 -0.6860232 -0.6712595 0 P 0
L -0.7155512 -0.7421255 -0.6860232 -0.7421255 0 P 0
L -0.7155512 -0.7421255 -0.7155512 -0.6712595 0 P 0
L -0.7157483 -1.0411416 -0.7157483 -1.0194881 0 P 0
L -0.7165353 -2.7952756 -0.6692913 -2.7952756 0 P 0
L -0.7165353 -2.8976378 -0.6692913 -2.8976378 0 P 0
L -0.7165353 -2.8976378 -0.7165353 -2.7952756 0 P 0
L -0.71947 -0.9773624 -0.71947 -0.9320864 0 P 0
L -0.7214566 -3.068897 -0.6761806 -3.068897 0 P 0
L -0.7214566 -3.167323 -0.6761806 -3.167323 0 P 0
L -0.7214566 -3.167323 -0.7214566 -3.068897 0 P 0
L -0.7236228 -0.2716535 -0.7019688 -0.2716535 0 P 0
L -0.7265748 -0.2362195 -0.6990148 -0.2362195 0 P 0
L -0.7265748 -0.3070875 -0.6990148 -0.3070875 0 P 0
L -0.7265748 -0.3070875 -0.7265748 -0.2362195 0 P 0
L -0.7265751 -1.0303148 -0.7049216 -1.0303148 0 P 0
L -0.7273626 -3.1673222 -0.7273626 -3.0688982 0 P 0
L -0.7283461 -3.2952758 -0.7283461 -3.2559058 0 P 0
L -0.7283461 -3.2952758 -0.7283461 -3.2559058 0 P 0
L -0.7283461 -3.2952758 -0.7283461 -3.2559058 0 P 0
L -0.7299213 -2.3425196 -0.7299213 -2.2992125 0 P 0
L -0.7305121 -0.9948818 -0.7009845 -0.9948818 0 P 0
L -0.7305121 -1.0657479 -0.7009845 -1.0657479 0 P 0
L -0.7305121 -1.0657479 -0.7305121 -0.9948818 0 P 0
L -0.7334648 -0.3070855 -0.7334648 -0.2362195 0 P 0
L -0.7344488 -1.065748 -0.7344488 -0.9948819 0 P 0
L -0.7362205 -2.613189 -0.6377953 -2.613189 0 P 0
L -0.7362205 -2.6584646 -0.6377953 -2.6584646 0 P 0
L -0.7362205 -2.6584646 -0.6377953 -2.6584646 0 P 0
L -0.7362205 -2.6584646 -0.7362205 -2.613189 0 P 0
L -0.7362205 -2.7037402 -0.6377953 -2.7037402 0 P 0
L -0.7362205 -2.7037402 -0.7362205 -2.6584646 0 P 0
L -0.7364171 -2.8912405 -0.7364171 -2.7932878 0 P 0
L -0.7377954 -2.765748 -0.7377954 -2.3484252 0 P 0
L -0.7440952 -0.8523615 -0.7440952 -0.8248035 0 P 0
L -0.7451744 -2.2734606 -0.7394725 -2.2734606 0 P 0
L -0.7451744 -2.2734606 -0.7451744 -2.2655881 0 P 0
L -0.7451744 -2.2818873 -0.7451744 -2.2734606 0 P 0
L -0.7452764 -2.2417322 -0.7452764 -2.2062992 0 P 0
L -0.7470081 -0.8946838 -0.7470081 -0.8651562 0 P 0
L -0.7470275 -0.9281496 -0.7470275 -0.898622 0 P 0
L -0.7480321 -3.2755898 -0.7086621 -3.2755898 0 P 0
L -0.7480321 -3.2755898 -0.7086621 -3.2755898 0 P 0
L -0.7480321 -3.2755898 -0.7086621 -3.2755898 0 P 0
L -0.7482288 -0.2824795 -0.7482288 -0.2608275 0 P 0
L -0.7492126 -1.0411417 -0.7492126 -1.0194882 0 P 0
L -0.7500006 -3.1289362 -0.7500006 -3.1072822 0 P 0
L -0.7506142 -2.2734606 -0.7451744 -2.2734606 0 P 0
L -0.7519532 -0.0138975 -0.4756832 -0.0138975 0 P 0
L -0.7577205 -2.8424584 -0.7492938 -2.8424584 0 P 0
L -0.7577205 -2.8424584 -0.7577205 -2.8367565 0 P 0
L -0.7577205 -2.8478982 -0.7577205 -2.8424584 0 P 0
L -0.7582671 -0.475591 -0.7582671 -0.436221 0 P 0
L -0.7590548 -0.2716535 -0.7374008 -0.2716535 0 P 0
L -0.7600394 -1.0303149 -0.7383859 -1.0303149 0 P 0
L -0.7608266 -3.1181102 -0.7391726 -3.1181102 0 P 0
L -0.7629928 -0.2362195 -0.7334648 -0.2362195 0 P 0
L -0.7629928 -0.3070855 -0.7334648 -0.3070855 0 P 0
L -0.7629928 -0.3070855 -0.7629928 -0.2362195 0 P 0
L -0.762993 -2.2240157 -0.7275599 -2.2240157 0 P 0
L -0.7639764 -0.9948819 -0.7344488 -0.9948819 0 P 0
L -0.7639764 -1.065748 -0.7344488 -1.065748 0 P 0
L -0.7639764 -1.065748 -0.7639764 -0.9948819 0 P 0
L -0.765593 -2.8424584 -0.7577205 -2.8424584 0 P 0
L -0.7667327 -0.6850395 -0.7667327 -0.6141735 0 P 0
L -0.767913 -1.083394 -0.767913 -0.98497 0 P 0
L -0.768682 -0.9655524 -0.768682 -0.9438984 0 P 0
L -0.7716541 -3.1968498 -0.6850401 -3.1968498 0 P 0
L -0.7716541 -3.3543318 -0.6850401 -3.3543318 0 P 0
L -0.7716541 -3.3543318 -0.7716541 -3.1968498 0 P 0
L -0.7726386 -3.0688982 -0.7273626 -3.0688982 0 P 0
L -0.7726386 -3.1673222 -0.7273626 -3.1673222 0 P 0
L -0.7726386 -3.1673222 -0.7726386 -3.0688982 0 P 0
L -0.7779522 -0.455906 -0.7385821 -0.455906 0 P 0
L -0.7791339 -2.3316928 -0.7791339 -2.3100393 0 P 0
L -0.7792124 -2.7932878 -0.7364171 -2.7932878 0 P 0
L -0.7792124 -2.8912405 -0.7364171 -2.8912405 0 P 0
L -0.7792124 -2.8912405 -0.7792124 -2.7932878 0 P 0
L -0.779508 -0.9547244 -0.757856 -0.9547244 0 P 0
L -0.7795272 -0.8494095 -0.7795272 -0.8277555 0 P 0
L -0.7795281 -3.3090558 -0.7795281 -3.2381898 0 P 0
L -0.7814967 -0.6604335 -0.7814967 -0.6387795 0 P 0
L -0.7824412 -0.8907468 -0.7824412 -0.8690933 0 P 0
L -0.7824606 -0.9242126 -0.7824606 -0.9025591 0 P 0
L -0.7844492 -0.7716535 -0.7844492 -0.7007875 0 P 0
L -0.7874016 -0.3385827 -0.7874016 -0.2362205 0 P 0
L -0.7899607 -2.3208661 -0.7683072 -2.3208661 0 P 0
L -0.7903552 -0.8385835 -0.7687012 -0.8385835 0 P 0
L -0.790551 -1.045008 -0.790551 -1.023356 0 P 0
L -0.7923227 -0.6496055 -0.7706687 -0.6496055 0 P 0
L -0.7930918 -2.8767722 -0.7930918 -2.778347 0 P 0
L -0.7932679 -0.87992 -0.7716144 -0.87992 0 P 0
L -0.7932873 -0.9133858 -0.7716338 -0.9133858 0 P 0
L -0.7933081 -3.2844498 -0.7933081 -3.2627958 0 P 0
L -0.7939565 -2.2519687 -0.6960038 -2.2519687 0 P 0
L -0.7939565 -2.294764 -0.6960038 -2.294764 0 P 0
L -0.7939565 -2.294764 -0.7939565 -2.2519687 0 P 0
L -0.7962607 -0.6141735 -0.7667327 -0.6141735 0 P 0
L -0.7962607 -0.6850395 -0.7667327 -0.6850395 0 P 0
L -0.7962607 -0.6850395 -0.7962607 -0.6141735 0 P 0
L -0.7964575 -2.2003937 -0.6940953 -2.2003937 0 P 0
L -0.7964575 -2.2476377 -0.6940953 -2.2476377 0 P 0
L -0.7964575 -2.2476377 -0.7964575 -2.2003937 0 P 0
L -0.7992132 -0.7470475 -0.7992132 -0.7253935 0 P 0
L -0.801379 -1.034182 -0.779725 -1.034182 0 P 0
L -0.8015742 -0.3978351 -0.7149601 -0.3978351 3 P 0
L -0.8015742 -0.5139769 -0.7149601 -0.5139769 3 P 0
L -0.8015742 -0.5139769 -0.8015742 -0.3978351 3 P 0
L -0.8021732 0.0442913 -0.4261732 0.0442913 4 P 0
L -0.8021732 -0.2217087 -0.4261732 -0.2217086 4 P 0
L -0.8021732 -0.2217087 -0.8021732 0.0442913 4 P 0
L -0.802559 -0.4547245 -0.802559 -0.3562993 0 P 0
L -0.8041341 -3.2736218 -0.7824801 -3.2736218 0 P 0
L -0.8070881 -3.2381898 -0.7795281 -3.2381898 0 P 0
L -0.8070881 -3.3090558 -0.7795281 -3.3090558 0 P 0
L -0.8070881 -3.3090558 -0.8070881 -3.2381898 0 P 0
L -0.8100392 -0.7362195 -0.7883852 -0.7362195 0 P 0
L -0.8110092 -0.0137795 -0.4173372 -0.0137795 0 P 0
L -0.8110236 -0.3051182 -0.8110236 -0.2696851 0 P 0
L -0.813189 -0.98497 -0.767913 -0.98497 0 P 0
L -0.813189 -1.083394 -0.767913 -1.083394 0 P 0
L -0.813189 -1.083394 -0.813189 -0.98497 0 P 0
L -0.8139772 -0.7007875 -0.7844492 -0.7007875 0 P 0
L -0.8139772 -0.7716535 -0.7844492 -0.7716535 0 P 0
L -0.8139772 -0.7716535 -0.8139772 -0.7007875 0 P 0
L -0.8147453 -2.8383864 -0.8147453 -2.8167329 0 P 0
L -0.8149612 -0.8248035 -0.7440952 -0.8248035 0 P 0
L -0.8149612 -0.8523615 -0.7440952 -0.8523615 0 P 0
L -0.8149612 -0.8523615 -0.8149612 -0.8248035 0 P 0
L -0.817126 -1.0559055 -0.817126 -0.9850394 0 P 0
L -0.8178742 -0.8651562 -0.7470081 -0.8651562 0 P 0
L -0.8178742 -0.8946838 -0.7470081 -0.8946838 0 P 0
L -0.8178742 -0.8946838 -0.8178742 -0.8651562 0 P 0
L -0.8178936 -0.898622 -0.7470275 -0.898622 0 P 0
L -0.8178936 -0.9281496 -0.7470275 -0.9281496 0 P 0
L -0.8178936 -0.9281496 -0.8178936 -0.898622 0 P 0
L -0.817894 -0.9320864 -0.71947 -0.9320864 0 P 0
L -0.817894 -0.9773624 -0.71947 -0.9773624 0 P 0
L -0.817894 -0.9773624 -0.817894 -0.9320864 0 P 0
L -0.8218512 -0.9812995 -0.8218512 -0.6545275 0 P 0
L -0.8242126 -0.4163386 -0.8242126 -0.3946851 0 P 0
L -0.8255721 -2.8275596 -0.8039186 -2.8275596 0 P 0
L -0.8283465 -2.2992125 -0.7299213 -2.2992125 0 P 0
L -0.8283465 -2.3425196 -0.7299213 -2.3425196 0 P 0
L -0.8283465 -2.3425196 -0.8283465 -2.2992125 0 P 0
L -0.8287401 -0.2874016 -0.7933071 -0.2874016 0 P 0
L -0.8318898 -1.0312992 -0.8318898 -1.0096457 0 P 0
L -0.8346456 -0.2362205 -0.7874016 -0.2362205 0 P 0
L -0.8346456 -0.3385827 -0.7874016 -0.3385827 0 P 0
L -0.8346456 -0.3385827 -0.8346456 -0.2362205 0 P 0
L -0.8350393 -0.4055119 -0.8133858 -0.4055119 0 P 0
L -0.8363989 -2.778347 -0.7930918 -2.778347 0 P 0
L -0.8363989 -2.8767722 -0.7930918 -2.8767722 0 P 0
L -0.8363989 -2.8767722 -0.8363989 -2.778347 0 P 0
L -0.8427166 -1.0204724 -0.8210631 -1.0204724 0 P 0
L -0.8456693 -3.0307086 -0.8456693 -2.8811024 0 P 0
L -0.8458661 -0.3562993 -0.802559 -0.3562993 0 P 0
L -0.8458661 -0.4547245 -0.802559 -0.4547245 0 P 0
L -0.8458661 -0.4547245 -0.8458661 -0.3562993 0 P 0
L -0.8458661 -0.454726 -0.8458661 -0.3563008 0 P 0
L -0.8466536 -0.9850394 -0.817126 -0.9850394 0 P 0
L -0.8466536 -1.0559055 -0.817126 -1.0559055 0 P 0
L -0.8466536 -1.0559055 -0.8466536 -0.9850394 0 P 0
L -0.8503548 -1.0559055 -0.8503548 -0.9850394 0 P 0
L -0.8582676 -0.5492127 -0.8582676 -0.5039367 0 P 0
L -0.8651186 -1.0312992 -0.8651186 -1.0096457 0 P 0
L -0.8685039 -0.4163402 -0.8685039 -0.3946867 0 P 0
L -0.8730312 -0.3602355 -0.8730312 -0.2204715 0 P 0
L -0.8759454 -1.0204724 -0.8542919 -1.0204724 0 P 0
L -0.8793306 -0.4055134 -0.8576771 -0.4055134 0 P 0
L -0.8798824 -0.9850394 -0.8503548 -0.9850394 0 P 0
L -0.8798824 -1.0559055 -0.8503548 -1.0559055 0 P 0
L -0.8798824 -1.0559055 -0.8798824 -0.9850394 0 P 0
L -0.8832677 -2.1917323 -0.8832677 -2.0933071 0 P 0
L -0.8832677 -2.2970474 -0.8832677 -2.1986222 0 P 0
L -0.8858272 -0.6082675 -0.8858272 -0.5807095 0 P 0
L -0.8858272 -0.6437015 -0.8858272 -0.6161415 0 P 0
L -0.8888257 -1.2608268 -0.8888257 -1.1624016 0 P 0
L -0.8897253 -1.0559055 -0.8897253 -0.9850394 0 P 0
L -0.8909449 -0.4084646 -0.8909449 -0.363189 0 P 0
L -0.8911417 -0.3563008 -0.8458661 -0.3563008 0 P 0
L -0.8911417 -0.454726 -0.8458661 -0.454726 0 P 0
L -0.8911417 -0.454726 -0.8911417 -0.3563008 0 P 0
L -0.8956692 -0.3602355 -0.8956692 -0.0255915 2 P 0
L -0.8984256 -0.4407484 -0.8984256 -0.4131884 0 P 0
L -0.9044891 -1.0312992 -0.9044891 -1.0096457 0 P 0
L -0.9059055 -2.1533465 -0.9059055 -2.131693 0 P 0
L -0.9059055 -2.2586616 -0.9059055 -2.2370081 0 P 0
L -0.9074796 -0.5374027 -0.9074796 -0.5157487 0 P 0
L -0.9094492 -0.1860235 -0.9094492 -0.0915355 3 P 0
L -0.9114635 -1.2224409 -0.9114635 -1.2007874 0 P 0
L -0.9124012 -0.3100395 -0.9124012 -0.2706695 0 P 0
L -0.9153159 -1.0204724 -0.8936624 -1.0204724 0 P 0
L -0.9167322 -2.1425197 -0.8950788 -2.1425197 0 P 0
L -0.9167322 -2.2478348 -0.8950787 -2.2478348 0 P 0
L -0.9183076 -0.5265747 -0.8966536 -0.5265747 0 P 0
L -0.9190547 -2.8750003 -0.9190547 -2.7765751 0 P 0
L -0.9192529 -0.9850394 -0.8897253 -0.9850394 0 P 0
L -0.9192529 -1.0559055 -0.8897253 -1.0559055 0 P 0
L -0.9192529 -1.0559055 -0.9192529 -0.9850394 0 P 0
L -0.9204724 -2.9659055 -0.9204724 -2.9459055 0 P 0
L -0.9212592 -0.6053155 -0.9212592 -0.5836615 0 P 0
L -0.9212592 -0.6407475 -0.9212592 -0.6190935 0 P 0
L -0.9222902 -1.2116142 -0.9006367 -1.2116142 0 P 0
L -0.9232894 -1.0559055 -0.9232894 -0.9850394 0 P 0
L -0.9285432 -2.093307 -0.8832677 -2.0933071 0 P 0
L -0.9285432 -2.2970475 -0.8832677 -2.2970474 0 P 0
L -0.9285434 -2.1917323 -0.8832677 -2.1917323 0 P 0
L -0.9285434 -2.1917323 -0.9285432 -2.093307 0 P 0
L -0.9285434 -2.1986222 -0.8832677 -2.1986222 0 P 0
L -0.9285434 -2.1986222 -0.9285432 -2.2970475 0 P 0
L -0.9304724 -2.9559055 -0.9104724 -2.9559055 0 P 0
L -0.9320872 -0.2903535 -0.8927172 -0.2903535 0 P 0
L -0.9320872 -0.5944875 -0.9104332 -0.5944875 0 P 0
L -0.9320872 -0.6299215 -0.9104332 -0.6299215 0 P 0
L -0.9330712 -0.1574795 -0.9330712 -0.1200795 0 P 0
L -0.9338576 -0.4377944 -0.9338576 -0.4161424 0 P 0
L -0.9341013 -1.1624016 -0.8888257 -1.1624016 0 P 0
L -0.9341013 -1.2608268 -0.8888257 -1.2608268 0 P 0
L -0.9341013 -1.2608268 -0.9341013 -1.1624016 0 P 0
L -0.9346469 -2.31559 -0.9346469 -2.07937 0 P 0
L -0.9380532 -1.0312992 -0.9380532 -1.0096457 0 P 0
L -0.9401575 -0.3966535 -0.9401575 -0.375 0 P 0
L -0.9407083 -2.8366144 -0.9407083 -2.8149609 0 P 0
L -0.9446856 -0.4269684 -0.9230316 -0.4269684 0 P 0
L -0.945866 -1.2608077 -0.945866 -1.1623817 0 P 0
L -0.9464567 -2.5767717 -0.9464567 -2.5374016 0 P 0
L -0.94888 -1.0204724 -0.9272265 -1.0204724 0 P 0
L -0.9509842 -0.3858268 -0.9293307 -0.3858268 0 P 0
L -0.951535 -2.8257877 -0.9298815 -2.8257877 0 P 0
L -0.9517712 -0.1387795 -0.9143692 -0.1387795 0 P 0
L -0.9517712 -0.2204715 -0.8730312 -0.2204715 0 P 0
L -0.9517712 -0.3602355 -0.8730312 -0.3602355 0 P 0
L -0.9517712 -0.3602355 -0.9517712 -0.2204715 0 P 0
L -0.952817 -0.9850394 -0.9232894 -0.9850394 0 P 0
L -0.952817 -1.0559055 -0.9232894 -1.0559055 0 P 0
L -0.952817 -1.0559055 -0.952817 -0.9850394 0 P 0
L -0.9547252 -0.3405515 -0.9547252 -0.2696855 0 P 0
L -0.9564956 -1.0559052 -0.9564956 -0.9850392 0 P 0
L -0.9566932 -0.0915355 -0.9094492 -0.0915355 3 P 0
L -0.9566932 -0.1860235 -0.9094492 -0.1860235 3 P 0
L -0.9566932 -0.1860235 -0.9566932 -0.0915355 3 P 0
L -0.9566932 -0.5807095 -0.8858272 -0.5807095 0 P 0
L -0.9566932 -0.6082675 -0.8858272 -0.6082675 0 P 0
L -0.9566932 -0.6082675 -0.9566932 -0.5807095 0 P 0
L -0.9566932 -0.6161415 -0.8858272 -0.6161415 0 P 0
L -0.9566932 -0.6437015 -0.8858272 -0.6437015 0 P 0
L -0.9566932 -0.6437015 -0.9566932 -0.6161415 0 P 0
L -0.9566936 -0.5039367 -0.8582676 -0.5039367 0 P 0
L -0.9566936 -0.5492127 -0.8582676 -0.5492127 0 P 0
L -0.9566936 -0.5492127 -0.9566936 -0.5039367 0 P 0
L -0.9596452 -0.1820875 -0.9596452 -0.1112195 0 P 0
L -0.9623618 -2.7765751 -0.9190547 -2.7765751 0 P 0
L -0.9623618 -2.8750003 -0.9190547 -2.8750003 0 P 0
L -0.9623618 -2.8750003 -0.9623618 -2.7765751 0 P 0
L -0.9623618 -2.8750003 -0.9623618 -2.7765751 0 P 0
L -0.9661418 -2.5570867 -0.9267717 -2.5570867 0 P 0
L -0.9685032 -0.6082675 -0.9685032 -0.5807095 0 P 0
L -0.9685032 -0.6437015 -0.9685032 -0.6161415 0 P 0
L -0.968504 -1.2224217 -0.968504 -1.2007677 0 P 0
L -0.9692916 -0.4131884 -0.8984256 -0.4131884 0 P 0
L -0.9692916 -0.4407484 -0.8984256 -0.4407484 0 P 0
L -0.9692916 -0.4407484 -0.9692916 -0.4131884 0 P 0
L -0.9694872 -0.3159455 -0.9694872 -0.2942915 0 P 0
L -0.9712596 -1.0312992 -0.9712596 -1.0096452 0 P 0
L -0.9744092 -0.1574795 -0.9744092 -0.1358275 0 P 0
L -0.97933 -1.2115937 -0.957676 -1.2115937 0 P 0
L -0.9803152 -0.3051175 -0.9586612 -0.3051175 0 P 0
L -0.9820856 -1.0204732 -0.9604336 -1.0204732 0 P 0
L -0.9840154 -2.8366144 -0.9840154 -2.8149609 0 P 0
L -0.9842512 -0.2696855 -0.9547252 -0.2696855 0 P 0
L -0.9842512 -0.3405515 -0.9547252 -0.3405515 0 P 0
L -0.9842512 -0.3405515 -0.9842512 -0.2696855 0 P 0
L -0.9852352 -0.1466535 -0.9635832 -0.1466535 0 P 0
L -0.9852372 -0.8375975 -0.9852372 -0.7982275 0 P 0
L -0.9860236 -0.9850392 -0.9564956 -0.9850392 0 P 0
L -0.9860236 -1.0559052 -0.9564956 -1.0559052 0 P 0
L -0.9860236 -1.0559052 -0.9860236 -0.9850392 0 P 0
L -0.9881892 -0.3690935 -0.9881892 -0.2411415 3 P 0
L -0.9891732 -0.1112195 -0.9596452 -0.1112195 0 P 0
L -0.9891732 -0.1820875 -0.9596452 -0.1820875 0 P 0
L -0.9891732 -0.1820875 -0.9891732 -0.1112195 0 P 0
L -0.9893701 -0.363189 -0.8909449 -0.363189 0 P 0
L -0.9893701 -0.4084646 -0.8909449 -0.4084646 0 P 0
L -0.9893701 -0.4084646 -0.9893701 -0.363189 0 P 0
L -0.991142 -1.1623817 -0.945866 -1.1623817 0 P 0
L -0.991142 -1.2608077 -0.945866 -1.2608077 0 P 0
L -0.991142 -1.2608077 -0.991142 -1.1623817 0 P 0
L -0.9940952 -0.1889755 -0.9940952 -0.1043315 0 P 0
L -0.9940952 -0.4399615 -0.9940952 -0.3612215 0 P 0
L -0.9948421 -2.8257877 -0.9731886 -2.8257877 0 P 0
L -0.9950803 -1.2608268 -0.9950803 -1.1624016 0 P 0
L -0.9952755 -2.8811024 -0.8456693 -2.8811024 0 P 0
L -0.9952755 -3.0307086 -0.8456693 -3.0307086 0 P 0
L -0.9952755 -3.0307086 -0.9952755 -2.8811024 0 P 0
L -0.9960638 -1.0561018 -0.9960638 -0.9852358 0 P 0
L -0.9990152 -0.2480315 -0.9990152 -0.2007875 3 P 0
L -1.0039372 -0.6053155 -1.0039372 -0.5836615 0 P 0
L -1.0039372 -0.6407475 -1.0039372 -0.6190935 0 P 0
L -1.0049212 -0.8179135 -0.9655512 -0.8179135 0 P 0
L -1.0056689 -2.7765751 -0.9623618 -2.7765751 0 P 0
L -1.0056689 -2.8750003 -0.9623618 -2.8750003 0 P 0
L -1.0056689 -2.8750003 -1.0056689 -2.7765751 0 P 0
L -1.0098418 -1.0314958 -1.0098418 -1.0098418 0 P 0
L -1.0147632 -0.5944875 -0.9931112 -0.5944875 0 P 0
L -1.0147632 -0.6299215 -0.9931112 -0.6299215 0 P 0
L -1.0157472 -0.4921255 -1.0157472 -0.4448815 0 P 0
L -1.0173229 -2.217166 -1.0173229 -2.177796 2 P 0
L -1.0177181 -1.2224409 -1.0177181 -1.2007874 0 P 0
L -1.0180705 -3.0057091 -1.0180705 -2.8057091 0 P 0
L -1.0206698 -1.0206698 -0.9990158 -1.0206698 0 P 0
L -1.0236212 -0.2125975 -1.0236212 -0.1732275 2 P 0
L -1.0236212 -0.5265755 -1.0236212 -0.4970475 0 P 0
L -1.0236218 -0.9852358 -0.9960638 -0.9852358 0 P 0
L -1.0236218 -1.0561018 -0.9960638 -1.0561018 0 P 0
L -1.0236218 -1.0561018 -1.0236218 -0.9852358 0 P 0
L -1.0275591 -1.0559049 -1.0275591 -0.9850389 0 P 0
L -1.0285448 -1.2116142 -1.0068913 -1.2116142 0 P 0
L -1.0295272 -0.1516535 -1.0295272 -0.1416535 0 P 0
L -1.0345272 -0.1466535 -1.0245272 -0.1466535 0 P 0
L -1.0370089 -2.19748 -0.9976389 -2.19748 2 P 0
L -1.0393712 -0.5807095 -0.9685032 -0.5807095 0 P 0
L -1.0393712 -0.6082675 -0.9685032 -0.6082675 0 P 0
L -1.0393712 -0.6082675 -1.0393712 -0.5807095 0 P 0
L -1.0393712 -0.6161415 -0.9685032 -0.6161415 0 P 0
L -1.0393712 -0.6437015 -0.9685032 -0.6437015 0 P 0
L -1.0393712 -0.6437015 -1.0393712 -0.6161415 0 P 0
L -1.0403559 -1.1624016 -0.9950803 -1.1624016 0 P 0
L -1.0403559 -1.2608268 -0.9950803 -1.2608268 0 P 0
L -1.0403559 -1.2608268 -1.0403559 -1.1624016 0 P 0
L -1.0413391 -1.0312989 -1.0413391 -1.0096449 0 P 0
L -1.0433072 -0.1929135 -1.0039372 -0.1929135 2 P 0
L -1.0442929 -1.2608268 -1.0442929 -1.1624016 0 P 0
L -1.0462592 -0.2431095 -1.0462592 -0.2057095 0 P 0
L -1.0521651 -1.0204729 -1.0305111 -1.0204729 0 P 0
L -1.0521652 -0.3248035 -1.0521652 -0.2854335 0 P 0
L -1.0551171 -0.9850389 -1.0275591 -0.9850389 0 P 0
L -1.0551171 -1.0559049 -1.0275591 -1.0559049 0 P 0
L -1.0551171 -1.0559049 -1.0551171 -0.9850389 0 P 0
L -1.0590552 -0.5226375 -1.0590552 -0.5009835 0 P 0
L -1.0639772 -0.4202755 -1.0639772 -0.3809055 0 P 0
L -1.0649612 -0.1043315 -0.9940952 -0.1043315 0 P 0
L -1.0649612 -0.1889755 -0.9940952 -0.1889755 0 P 0
L -1.0649612 -0.1889755 -1.0649612 -0.1043315 0 P 0
L -1.0649612 -0.2244095 -1.0275592 -0.2244095 0 P 0
L -1.0669292 -0.4862195 -1.0669292 -0.4507875 0 P 0
L -1.0669307 -1.2224409 -1.0669307 -1.2007874 0 P 0
L -1.0698812 -0.5118115 -1.0482292 -0.5118115 0 P 0
L -1.0708652 -0.1830715 -1.0708652 -0.0885835 3 P 0
L -1.0718512 -0.3051175 -1.0324812 -0.3051175 0 P 0
L -1.0763382 -2.9244099 -1.0763382 -2.8850398 0 P 0
L -1.0777574 -1.2116142 -1.0561039 -1.2116142 0 P 0
L -1.0836612 -0.4005915 -1.0442912 -0.4005915 0 P 0
L -1.0846452 -0.4685035 -1.0492132 -0.4685035 0 P 0
L -1.0895685 -1.1624016 -1.0442929 -1.1624016 0 P 0
L -1.0895685 -1.2608268 -1.0442929 -1.2608268 0 P 0
L -1.0895685 -1.2608268 -1.0895685 -1.1624016 0 P 0
L -1.0935032 -0.2007875 -0.9990152 -0.2007875 3 P 0
L -1.0935032 -0.2480315 -0.9990152 -0.2480315 3 P 0
L -1.0935032 -0.2480315 -1.0935032 -0.2007875 3 P 0
L -1.0935072 -1.2608254 -1.0935072 -1.1624014 0 P 0
L -1.0944872 -0.1545275 -1.0944872 -0.1171255 0 P 0
L -1.0944872 -0.4970475 -1.0236212 -0.4970475 0 P 0
L -1.0944872 -0.5265755 -1.0236212 -0.5265755 0 P 0
L -1.0944872 -0.5265755 -1.0944872 -0.4970475 0 P 0
L -1.0944872 -0.5265755 -1.0944872 -0.4970475 0 P 0
L -1.0963382 -2.9057091 -1.0569681 -2.9057091 0 P 0
L -1.1000001 -2.3437403 -1.1000001 -2.2453151 0 P 0
L -1.1000003 -2.245512 -1.1000003 -2.1470868 0 P 0
L -1.100001 -2.0793701 -0.9346469 -2.07937 0 P 0
L -1.100001 -2.31559 -0.9346469 -2.31559 0 P 0
L -1.100001 -2.31559 -1.100001 -2.0793701 0 P 0
L -1.1001968 -2.1472441 -1.1001968 -2.0488189 0 P 0
L -1.1131892 -0.1358275 -1.0757872 -0.1358275 0 P 0
L -1.1161412 -0.2411415 -0.9881892 -0.2411415 3 P 0
L -1.1161412 -0.3690935 -0.9881892 -0.3690935 3 P 0
L -1.1161412 -0.3690935 -1.1161412 -0.2411415 3 P 0
L -1.1161452 -1.2224414 -1.1161452 -1.2007874 0 P 0
L -1.1181092 -0.0885835 -1.0708652 -0.0885835 3 P 0
L -1.1181092 -0.1830715 -1.0708652 -0.1830715 3 P 0
L -1.1181092 -0.1830715 -1.1181092 -0.0885835 3 P 0
L -1.1181112 -0.4448815 -1.0157472 -0.4448815 0 P 0
L -1.1181112 -0.4921255 -1.0157472 -0.4921255 0 P 0
L -1.1181112 -0.4921255 -1.1181112 -0.4448815 0 P 0
L -1.1216537 -2.3053544 -1.1216537 -2.2837009 0 P 0
L -1.1216538 -2.2071262 -1.1216538 -2.1854727 0 P 0
L -1.1228346 -2.1088582 -1.1228346 -2.0872047 0 P 0
L -1.1240152 -0.3228355 -1.1240152 -0.2519675 0 P 0
L -1.1269712 -1.2116134 -1.1053192 -1.2116134 0 P 0
L -1.1299212 -0.5226375 -1.1299212 -0.5009835 0 P 0
L -1.1324804 -2.2945277 -1.1108269 -2.2945277 0 P 0
L -1.1324806 -2.1962994 -1.1108271 -2.1962994 0 P 0
L -1.1336614 -2.0980315 -1.1120079 -2.0980315 0 P 0
L -1.1338592 -0.3612215 -0.9940952 -0.3612215 0 P 0
L -1.1338592 -0.4399615 -0.9940952 -0.4399615 0 P 0
L -1.1338592 -0.4399615 -1.1338592 -0.3612215 0 P 0
L -1.1346059 -2.8057091 -1.0180705 -2.8057091 0 P 0
L -1.1346059 -3.0057091 -1.0180705 -3.0057091 0 P 0
L -1.1346059 -3.0057091 -1.1346059 -2.8057091 0 P 0
L -1.1377952 -0.2982275 -1.1377952 -0.2765755 0 P 0
L -1.1387832 -1.1624014 -1.0935072 -1.1624014 0 P 0
L -1.1387832 -1.2608254 -1.0935072 -1.2608254 0 P 0
L -1.1387832 -1.2608254 -1.1387832 -1.1624014 0 P 0
L -1.1407472 -0.5118115 -1.1190952 -0.5118115 0 P 0
L -1.1427189 -1.2608274 -1.1427189 -1.1624014 0 P 0
L -1.1433072 -2.2453151 -1.1000001 -2.2453151 0 P 0
L -1.1433072 -2.3437403 -1.1000001 -2.3437403 0 P 0
L -1.1433072 -2.3437403 -1.1433072 -2.2453151 0 P 0
L -1.1433074 -2.1470868 -1.1000003 -2.1470868 0 P 0
L -1.1433074 -2.245512 -1.1000003 -2.245512 0 P 0
L -1.1433074 -2.245512 -1.1433074 -2.1470868 0 P 0
L -1.1454724 -2.0488189 -1.1001968 -2.0488189 0 P 0
L -1.1454724 -2.1472441 -1.1001968 -2.1472441 0 P 0
L -1.1454724 -2.1472441 -1.1454724 -2.0488189 0 P 0
L -1.1486212 -0.2874015 -1.1269692 -0.2874015 0 P 0
L -1.1486212 -0.6545275 -0.8218512 -0.6545275 0 P 0
L -1.1486212 -0.9812995 -0.8218512 -0.9812995 0 P 0
L -1.1486212 -0.9812995 -1.1486212 -0.6545275 0 P 0
L -1.1515752 -0.0255915 -0.8956692 -0.0255915 2 P 0
L -1.1515752 -0.2519675 -1.1240152 -0.2519675 0 P 0
L -1.1515752 -0.3228355 -1.1240152 -0.3228355 0 P 0
L -1.1515752 -0.3228355 -1.1515752 -0.2519675 0 P 0
L -1.1515752 -0.3602355 -0.8956692 -0.3602355 2 P 0
L -1.1515752 -0.3602355 -1.1515752 -0.0255915 2 P 0
L -1.1551182 -2.3484252 -0.7377954 -2.3484252 0 P 0
L -1.1551182 -2.765748 -0.7377954 -2.765748 0 P 0
L -1.1551182 -2.765748 -1.1551182 -2.3484252 0 P 0
L -1.1653552 -0.4970475 -1.0944872 -0.4970475 0 P 0
L -1.1653552 -0.5265755 -1.0944872 -0.5265755 0 P 0
L -1.1653552 -0.5265755 -1.1653552 -0.4970475 0 P 0
L -1.1653569 -1.2224414 -1.1653569 -1.2007874 0 P 0
L -1.1673232 -0.8976375 -1.1673232 -0.8267715 0 P 0
L -1.1691615 -0.1669234 -1.1691615 -0.1196794 0 P 0
L -1.1691615 -0.349208 -1.1691615 -0.301964 0 P 0
L -1.1712592 -0.3602355 -1.1712592 -0.0255915 2 P 0
L -1.1712592 -0.4025595 -1.1712592 -0.3730315 0 P 0
L -1.1761849 -1.2116134 -1.1545309 -1.2116134 0 P 0
L -1.1811024 -3.7325984 -1.1811024 -3.6925984 0 P 0
L -1.1811032 -0.8730315 -1.1811032 -0.8513775 0 P 0
L -1.1879949 -1.1624014 -1.1427189 -1.1624014 0 P 0
L -1.1879949 -1.2608274 -1.1427189 -1.2608274 0 P 0
L -1.1879949 -1.2608274 -1.1879949 -1.1624014 0 P 0
L -1.1919292 -0.8622055 -1.1702752 -0.8622055 0 P 0
L -1.1919305 -1.2608275 -1.1919305 -1.1624015 0 P 0
L -1.1948812 -0.8267715 -1.1673232 -0.8267715 0 P 0
L -1.1948812 -0.8976375 -1.1673232 -0.8976375 0 P 0
L -1.1948812 -0.8976375 -1.1948812 -0.8267715 0 P 0
L -1.2011024 -3.7125984 -1.1611024 -3.7125984 0 P 0
L -1.2017712 -0.8976375 -1.2017712 -0.8267715 0 P 0
L -1.2066932 -0.3986215 -1.2066932 -0.3769675 0 P 0
L -1.2145685 -1.2224415 -1.2145685 -1.2007875 0 P 0
L -1.2155512 -0.8730315 -1.2155512 -0.8513775 0 P 0
L -1.2175192 -0.3877955 -1.1958652 -0.3877955 0 P 0
L -1.2203435 -0.1610174 -1.2203435 -0.1255854 0 P 0
L -1.2203435 -0.343302 -1.2203435 -0.307868 0 P 0
L -1.2253965 -1.2116135 -1.2037425 -1.2116135 0 P 0
L -1.2263772 -0.8622055 -1.2047252 -0.8622055 0 P 0
L -1.2293312 -0.8267715 -1.2017712 -0.8267715 0 P 0
L -1.2293312 -0.8976375 -1.2017712 -0.8976375 0 P 0
L -1.2293312 -0.8976375 -1.2293312 -0.8267715 0 P 0
L -1.2312992 -0.5118115 -1.2312992 -0.4330715 0 P 0
L -1.2372065 -1.1624015 -1.1919305 -1.1624015 0 P 0
L -1.2372065 -1.2608275 -1.1919305 -1.2608275 0 P 0
L -1.2372065 -1.2608275 -1.2372065 -1.1624015 0 P 0
L -1.2380595 -0.1433014 -1.2026275 -0.1433014 0 P 0
L -1.2380595 -0.325586 -1.2026275 -0.325586 0 P 0
L -1.2395982 -0.7214573 -1.2395982 -0.6919297 0 P 0
L -1.2395982 -0.7549213 -1.2395982 -0.7253937 0 P 0
L -1.2409502 -1.2608255 -1.2409502 -1.1624015 0 P 0
L -1.2421252 -0.3730315 -1.1712592 -0.3730315 0 P 0
L -1.2421252 -0.4025595 -1.1712592 -0.4025595 0 P 0
L -1.2421252 -0.4025595 -1.2421252 -0.3730315 0 P 0
L -1.251968 -0.8681091 -1.251968 -0.7657471 0 P 0
L -1.2635882 -1.2224415 -1.2635882 -1.2007875 0 P 0
L -1.2715235 -0.1196794 -1.1691615 -0.1196794 0 P 0
L -1.2715235 -0.1669234 -1.1691615 -0.1669234 0 P 0
L -1.2715235 -0.1669234 -1.2715235 -0.1196794 0 P 0
L -1.2715235 -0.301964 -1.1691615 -0.301964 0 P 0
L -1.2715235 -0.349208 -1.1691615 -0.349208 0 P 0
L -1.2715235 -0.349208 -1.2715235 -0.301964 0 P 0
L -1.2716535 -0.2334592 -1.2716535 -0.1114119 0 P 0
L -1.2716535 -0.3555119 -1.2716535 -0.2334646 0 P 0
L -1.2744162 -1.2116135 -1.2527622 -1.2116135 0 P 0
L -1.2750312 -0.7175202 -1.2750312 -0.6958667 0 P 0
L -1.2750312 -0.7509842 -1.2750312 -0.7293307 0 P 0
L -1.27559 -0.8346451 -1.27559 -0.7992131 0 P 0
L -1.285858 -0.7066935 -1.2642045 -0.7066935 0 P 0
L -1.285858 -0.7401575 -1.2642045 -0.7401575 0 P 0
L -1.2862262 -1.1624015 -1.2409502 -1.1624015 0 P 0
L -1.2862262 -1.2608255 -1.2409502 -1.2608255 0 P 0
L -1.2862262 -1.2608255 -1.2862262 -1.1624015 0 P 0
L -1.2901559 -1.2608275 -1.2901559 -1.1624015 0 P 0
L -1.293308 -0.8169291 -1.257874 -0.8169291 0 P 0
L -1.299212 -0.7657471 -1.251968 -0.7657471 0 P 0
L -1.299212 -0.8681091 -1.251968 -0.8681091 0 P 0
L -1.299212 -0.8681091 -1.299212 -0.7657471 0 P 0
L -1.2992132 -0.2125975 -1.2992132 -0.1732275 2 P 0
L -1.3001968 -0.1911363 -1.3001968 -0.1537348 0 P 0
L -1.3001968 -0.313189 -1.3001968 -0.2757875 0 P 0
L -1.3031492 -0.4921255 -1.3031492 -0.4527555 0 P 0
L -1.3031495 -0.8444871 -1.3031495 -0.7736211 0 P 0
L -1.3104643 -0.6919297 -1.2395982 -0.6919297 0 P 0
L -1.3104643 -0.7214573 -1.2395982 -0.7214573 0 P 0
L -1.3104643 -0.7214573 -1.3104643 -0.6919297 0 P 0
L -1.3104643 -0.7253937 -1.2395982 -0.7253937 0 P 0
L -1.3104643 -0.7549213 -1.2395982 -0.7549213 0 P 0
L -1.3104643 -0.7549213 -1.3104643 -0.7253937 0 P 0
L -1.3127939 -1.2224415 -1.3127939 -1.2007875 0 P 0
L -1.3169295 -0.8198811 -1.3169295 -0.7982271 0 P 0
L -1.3188972 -0.1929135 -1.2795272 -0.1929135 2 P 0
L -1.3188976 -0.1724356 -1.281496 -0.1724356 0 P 0
L -1.3188976 -0.2944882 -1.281496 -0.2944882 0 P 0
L -1.3228352 -0.4724415 -1.2834652 -0.4724415 0 P 0
L -1.3236199 -1.2116135 -1.3019679 -1.2116135 0 P 0
L -1.3271647 -3.0937015 -1.3271647 -2.9992133 0 P 0
L -1.3277555 -0.8090551 -1.3061035 -0.8090551 0 P 0
L -1.328149 -2.1938972 -1.328149 -2.099409 0 P 0
L -1.3287401 -0.1114119 -1.2716535 -0.1114119 0 P 0
L -1.3287401 -0.2334592 -1.2716535 -0.2334592 0 P 0
L -1.3287401 -0.2334592 -1.3287401 -0.1114119 0 P 0
L -1.3287401 -0.2334646 -1.2716535 -0.2334646 0 P 0
L -1.3287401 -0.3555119 -1.2716535 -0.3555119 0 P 0
L -1.3287401 -0.3555119 -1.3287401 -0.2334646 0 P 0
L -1.3307095 -0.7736211 -1.3031495 -0.7736211 0 P 0
L -1.3307095 -0.8444871 -1.3031495 -0.8444871 0 P 0
L -1.3307095 -0.8444871 -1.3307095 -0.7736211 0 P 0
L -1.3337286 -0.2196797 -1.3337286 -0.1488137 0 P 0
L -1.3341223 -0.3188926 -1.3341223 -0.2480266 0 P 0
L -1.3354319 -1.1624015 -1.2901559 -1.1624015 0 P 0
L -1.3354319 -1.2608275 -1.2901559 -1.2608275 0 P 0
L -1.3354319 -1.2608275 -1.3354319 -1.1624015 0 P 0
L -1.3389756 -1.9547241 -1.3389756 -1.7381887 0 P 0
L -1.3392116 -1.2608275 -1.3392116 -1.1624015 0 P 0
L -1.3399607 -3.4549213 -1.3399607 -3.2383858 0 P 0
L -1.3475086 -0.1950737 -1.3475086 -0.1734197 0 P 0
L -1.3479023 -0.2942866 -1.3479023 -0.2726326 0 P 0
L -1.3583346 -0.1842457 -1.3366826 -0.1842457 0 P 0
L -1.3587283 -0.2834586 -1.3370763 -0.2834586 0 P 0
L -1.3612886 -0.1488137 -1.3337286 -0.1488137 0 P 0
L -1.3612886 -0.2196797 -1.3337286 -0.2196797 0 P 0
L -1.3612886 -0.2196797 -1.3612886 -0.1488137 0 P 0
L -1.3616823 -0.2480266 -1.3341223 -0.2480266 0 P 0
L -1.3616823 -0.3188926 -1.3341223 -0.3188926 0 P 0
L -1.3616823 -0.3188926 -1.3616823 -0.2480266 0 P 0
L -1.3618496 -1.2224415 -1.3618496 -1.2007875 0 P 0
L -1.3726756 -1.2116135 -1.3510216 -1.2116135 0 P 0
L -1.3759832 -0.4330715 -1.2312992 -0.4330715 0 P 0
L -1.3759832 -0.5118115 -1.2312992 -0.5118115 0 P 0
L -1.3759832 -0.5118115 -1.3759832 -0.4330715 0 P 0
L -1.3844876 -1.1624015 -1.3392116 -1.1624015 0 P 0
L -1.3844876 -1.2608275 -1.3392116 -1.2608275 0 P 0
L -1.3844876 -1.2608275 -1.3844876 -1.1624015 0 P 0
L -1.3864567 -0.8311023 -1.3864567 -0.5311023 0 P 0
L -1.3882273 -1.2608275 -1.3882273 -1.1624015 0 P 0
L -1.3897632 -0.5059055 -1.3897632 -0.4350395 0 P 0
L -1.4045272 -0.4812995 -1.4045272 -0.4596455 0 P 0
L -1.4108653 -1.2224415 -1.4108653 -1.2007875 0 P 0
L -1.4153552 -0.4704715 -1.3937012 -0.4704715 0 P 0
L -1.4192912 -0.4350395 -1.3897632 -0.4350395 0 P 0
L -1.4192912 -0.5059055 -1.3897632 -0.5059055 0 P 0
L -1.4192912 -0.5059055 -1.4192912 -0.4350395 0 P 0
L -1.4216913 -1.2116135 -1.4000373 -1.2116135 0 P 0
L -1.4271652 -0.0255915 -1.1712592 -0.0255915 2 P 0
L -1.4271652 -0.3602355 -1.1712592 -0.3602355 2 P 0
L -1.4271652 -0.3602355 -1.4271652 -0.0255915 2 P 0
L -1.4335033 -1.1624015 -1.3882273 -1.1624015 0 P 0
L -1.4335033 -1.2608275 -1.3882273 -1.2608275 0 P 0
L -1.4335033 -1.2608275 -1.4335033 -1.1624015 0 P 0
L -1.4370116 -1.2608277 -1.4370116 -1.1624017 0 P 0
L -1.4447244 -0.6998031 -1.4447244 -0.660433 0 P 0
L -1.4596496 -1.2224417 -1.4596496 -1.2007877 0 P 0
L -1.4616145 -1.0641035 -1.4616145 -0.9932375 0 P 0
L -1.4647244 -0.6811023 -1.4253543 -0.6811023 0 P 0
L -1.4704724 -0.4852362 -1.4704724 -0.0137795 0 P 0
L -1.4704756 -1.2116137 -1.4488216 -1.2116137 0 P 0
L -1.4763785 -1.0394975 -1.4763785 -1.0178435 0 P 0
L -1.4822876 -1.1624017 -1.4370116 -1.1624017 0 P 0
L -1.4822876 -1.2608277 -1.4370116 -1.2608277 0 P 0
L -1.4822876 -1.2608277 -1.4822876 -1.1624017 0 P 0
L -1.4872045 -1.0286695 -1.4655505 -1.0286695 0 P 0
L -1.4911425 -0.9932375 -1.4616145 -0.9932375 0 P 0
L -1.4911425 -1.0641035 -1.4616145 -1.0641035 0 P 0
L -1.4911425 -1.0641035 -1.4911425 -0.9932375 0 P 0
L -1.4970485 -1.0641035 -1.4970485 -0.9932375 0 P 0
L -1.5029921 -0.5311023 -1.3864567 -0.5311023 0 P 0
L -1.5029921 -0.8311023 -1.3864567 -0.8311023 0 P 0
L -1.5029921 -0.8311023 -1.5029921 -0.5311023 0 P 0
L -1.5118105 -1.0394975 -1.5118105 -1.0178435 0 P 0
L -1.5226385 -1.0286695 -1.5009845 -1.0286695 0 P 0
L -1.5265745 -0.9932375 -1.4970485 -0.9932375 0 P 0
L -1.5265745 -1.0641035 -1.4970485 -1.0641035 0 P 0
L -1.5265745 -1.0641035 -1.5265745 -0.9932375 0 P 0
L -1.5265752 -1.3287395 -1.5265752 -1.2303155 0 P 0
L -1.5265752 -1.4350395 -1.5265752 -1.3366135 0 P 0
L -1.5482292 -1.2903535 -1.5482292 -1.2687015 0 P 0
L -1.5482292 -1.3966535 -1.5482292 -1.3749995 0 P 0
L -1.5501972 -0.9478355 -1.5501972 -0.8769695 0 P 0
L -1.5590552 -1.2795275 -1.5374012 -1.2795275 0 P 0
L -1.5590552 -1.3858275 -1.5374012 -1.3858275 0 P 0
L -1.5649612 -0.9232275 -1.5649612 -0.9015755 0 P 0
L -1.5698812 -1.2303155 -1.5265752 -1.2303155 0 P 0
L -1.5698812 -1.3287395 -1.5265752 -1.3287395 0 P 0
L -1.5698812 -1.3287395 -1.5698812 -1.2303155 0 P 0
L -1.5698812 -1.3366135 -1.5265752 -1.3366135 0 P 0
L -1.5698812 -1.4350395 -1.5265752 -1.4350395 0 P 0
L -1.5698812 -1.4350395 -1.5698812 -1.3366135 0 P 0
L -1.5746062 -0.4507874 -1.5746062 -0.4114173 0 P 0
L -1.5757872 -0.9124015 -1.5541332 -0.9124015 0 P 0
L -1.5797252 -0.8769695 -1.5501972 -0.8769695 0 P 0
L -1.5797252 -0.9478355 -1.5501972 -0.9478355 0 P 0
L -1.5797252 -0.9478355 -1.5797252 -0.8769695 0 P 0
L -1.5836612 -1.0314955 -1.5836612 -0.8779535 0 P 0
L -1.5846452 -1.3297235 -1.5846452 -1.2588575 0 P 0
L -1.5846452 -1.4064955 -1.5846452 -1.3356295 0 P 0
L -1.5864567 -0.8311023 -1.5864567 -0.5311023 0 P 0
L -1.5942913 -0.4311023 -1.5549212 -0.4311023 0 P 0
L -1.5984252 -1.3051175 -1.5984252 -1.2834635 0 P 0
L -1.5984252 -1.3818895 -1.5984252 -1.3602355 0 P 0
L -1.6003932 -1.0649615 -1.6003932 -1.0354335 0 P 0
L -1.6092512 -1.2942915 -1.5875992 -1.2942915 0 P 0
L -1.6092512 -1.3710635 -1.5875992 -1.3710635 0 P 0
L -1.6122052 -1.2588575 -1.5846452 -1.2588575 0 P 0
L -1.6122052 -1.3297235 -1.5846452 -1.3297235 0 P 0
L -1.6122052 -1.3297235 -1.6122052 -1.2588575 0 P 0
L -1.6122052 -1.3356295 -1.5846452 -1.3356295 0 P 0
L -1.6122052 -1.4064955 -1.5846452 -1.4064955 0 P 0
L -1.6122052 -1.4064955 -1.6122052 -1.3356295 0 P 0
L -1.6249532 -1.5079215 -1.6249532 -1.0945355 0 P 0
L -1.6358272 -1.0610235 -1.6358272 -1.0393695 0 P 0
L -1.6377952 -0.8740155 -1.6377952 -0.8444875 0 P 0
L -1.6399608 -3.3279528 -1.6399607 -3.3673229 0 P 0
L -1.6431112 -1.6594495 -1.6431112 -1.5196855 0 P 0
L -1.6447244 -0.6998031 -1.6447244 -0.660433 0 P 0
L -1.6466532 -1.0501975 -1.6249992 -1.0501975 0 P 0
L -1.6535432 -0.9744095 -1.6535432 -0.9350395 0 P 0
L -1.6586615 -3.3466536 -1.6192914 -3.3466536 0 P 0
L -1.6594492 -3.5275584 -1.6594492 -3.4566924 0 P 0
L -1.6647244 -0.6811023 -1.6253543 -0.6811023 0 P 0
L -1.6712592 -1.0354335 -1.6003932 -1.0354335 0 P 0
L -1.6712592 -1.0649615 -1.6003932 -1.0649615 0 P 0
L -1.6712592 -1.0649615 -1.6712592 -1.0354335 0 P 0
L -1.6732292 -0.8700795 -1.6732292 -0.8484255 0 P 0
L -1.6732292 -0.9547255 -1.6338572 -0.9547255 0 P 0
L -1.6742132 -3.5029524 -1.6742132 -3.4812984 0 P 0
L -1.678937 -0.0137795 -1.4704724 -0.0137795 0 P 0
L -1.678937 -0.4852362 -1.4704724 -0.4852362 0 P 0
L -1.678937 -0.4852362 -1.678937 -0.0137795 0 P 0
L -1.6794712 0.0000005 -0.8415532 0.0000005 0 P 0
L -1.6811024 -3.6043307 -0.6811024 -3.6043307 0 P 0
L -1.6811024 -3.8208661 -0.6811024 -3.8208661 0 P 0
L -1.6811024 -3.8208661 -1.6811024 -3.6043307 0 P 0
L -1.6811024 -3.9223307 -0.6761024 -3.9225984 0 P 0
L -1.6840552 -0.8592515 -1.6624012 -0.8592515 0 P 0
L -1.6850392 -3.4921264 -1.6633852 -3.4921264 0 P 0
L -1.6889772 -3.4566924 -1.6594492 -3.4566924 0 P 0
L -1.6889772 -3.5275584 -1.6594492 -3.5275584 0 P 0
L -1.6889772 -3.5275584 -1.6889772 -3.4566924 0 P 0
L -1.7029921 -0.5311023 -1.5864567 -0.5311023 0 P 0
L -1.7029921 -0.8311023 -1.5864567 -0.8311023 0 P 0
L -1.7029921 -0.8311023 -1.7029921 -0.5311023 0 P 0
L -1.7086612 -0.8444875 -1.6377952 -0.8444875 0 P 0
L -1.7086612 -0.8740155 -1.6377952 -0.8740155 0 P 0
L -1.7086612 -0.8740155 -1.7086612 -0.8444875 0 P 0
L -1.7194046 -0.2220084 -1.7194046 0.0439915 4 P 0
L -1.7198812 -1.6092515 -1.7198812 -1.5698815 0 P 0
L -1.7234252 -0.8779535 -1.5836612 -0.8779535 0 P 0
L -1.7234252 -1.0314955 -1.5836612 -1.0314955 0 P 0
L -1.7234252 -1.0314955 -1.7234252 -0.8779535 0 P 0
L -1.7234252 -1.0314955 -1.7234252 -0.8779535 0 P 0
L -1.7244092 -0.7746055 -1.7244092 -0.7450795 0 P 0
L -1.7263772 -0.5586613 -1.7263772 -0.4051193 0 P 0
L -1.7263772 -0.7381895 -1.7263772 -0.5846455 0 P 0
L -1.7387788 -3.0661424 -1.7387788 -3.0267723 0 P 0
L -1.7395672 -1.5895675 -1.7001972 -1.5895675 0 P 0
L -1.7397631 -2.1663382 -1.7397631 -2.1269681 0 P 0
L -1.7401572 -1.0649615 -1.7401572 -1.0354335 0 P 0
L -1.7431092 -0.3395675 -1.7431092 -0.2687015 0 P 0
L -1.7578732 -0.3149615 -1.7578732 -0.2933075 0 P 0
L -1.7584638 -3.0464574 -1.7190938 -3.0464574 0 P 0
L -1.7594482 -2.1466531 -1.7200781 -2.1466531 0 P 0
L -1.7598432 -0.7706695 -1.7598432 -0.7490155 0 P 0
L -1.7687012 -0.3041335 -1.7470472 -0.3041335 0 P 0
L -1.7706692 -0.7598435 -1.7490152 -0.7598435 0 P 0
L -1.7726372 -0.2687015 -1.7431092 -0.2687015 0 P 0
L -1.7726372 -0.3395675 -1.7431092 -0.3395675 0 P 0
L -1.7726372 -0.3395675 -1.7726372 -0.2687015 0 P 0
L -1.7755912 -1.0610235 -1.7755912 -1.0393695 0 P 0
L -1.7775592 -0.3395675 -1.7775592 -0.2687015 0 P 0
L -1.7775592 -0.8740155 -1.7775592 -0.8444875 0 P 0
L -1.7864172 -1.0501975 -1.7647632 -1.0501975 0 P 0
L -1.7923232 -0.3149615 -1.7923232 -0.2933075 0 P 0
L -1.7933072 -0.9744095 -1.7933072 -0.9350395 0 P 0
L -1.7952752 -0.7450795 -1.7244092 -0.7450795 0 P 0
L -1.7952752 -0.7746055 -1.7244092 -0.7746055 0 P 0
L -1.7952752 -0.7746055 -1.7952752 -0.7450795 0 P 0
L -1.7962592 -0.5015753 -1.7962592 -0.4622053 0 P 0
L -1.7962592 -0.6811015 -1.7962592 -0.6417315 0 P 0
L -1.7966532 -1.5196855 -1.6431112 -1.5196855 0 P 0
L -1.7966532 -1.6594495 -1.6431112 -1.6594495 0 P 0
L -1.7966532 -1.6594495 -1.7966532 -1.5196855 0 P 0
L -1.8011812 -1.6072835 -1.8011812 -1.5364175 0 P 0
L -1.8011812 -1.6820875 -1.8011812 -1.6112195 0 P 0
L -1.8031492 -0.3041335 -1.7814952 -0.3041335 0 P 0
L -1.8070872 -0.2687015 -1.7775592 -0.2687015 0 P 0
L -1.8070872 -0.3395675 -1.7775592 -0.3395675 0 P 0
L -1.8070872 -0.3395675 -1.8070872 -0.2687015 0 P 0
L -1.8110232 -1.0354335 -1.7401572 -1.0354335 0 P 0
L -1.8110232 -1.0649615 -1.7401572 -1.0649615 0 P 0
L -1.8110232 -1.0649615 -1.8110232 -1.0354335 0 P 0
L -1.8129912 -0.7883855 -1.8129912 -0.7450795 3 P 0
L -1.8129912 -0.8700795 -1.8129912 -0.8484255 0 P 0
L -1.8129912 -0.9547255 -1.7736212 -0.9547255 0 P 0
L -1.8159452 -0.4818893 -1.7765752 -0.4818893 0 P 0
L -1.8159452 -0.6614175 -1.7765752 -0.6614175 0 P 0
L -1.8159452 -1.5826775 -1.8159452 -1.5610235 0 P 0
L -1.8159452 -1.6574795 -1.8159452 -1.6358275 0 P 0
L -1.8238192 -0.8592515 -1.8021652 -0.8592515 0 P 0
L -1.8267712 -1.5718495 -1.8051172 -1.5718495 0 P 0
L -1.8267712 -1.6466535 -1.8051172 -1.6466535 0 P 0
L -1.8303149 -0.3474411 -1.8303149 -0.2470473 3 P 0
L -1.8307092 -1.5364175 -1.8011812 -1.5364175 0 P 0
L -1.8307092 -1.6072835 -1.8011812 -1.6072835 0 P 0
L -1.8307092 -1.6072835 -1.8307092 -1.5364175 0 P 0
L -1.8307092 -1.6112195 -1.8011812 -1.6112195 0 P 0
L -1.8307092 -1.6820875 -1.8011812 -1.6820875 0 P 0
L -1.8307092 -1.6820875 -1.8307092 -1.6112195 0 P 0
L -1.8316452 -1.3209135 -1.8316452 -1.2815435 0 P 0
L -1.8356292 -1.6072835 -1.8356292 -1.5364175 0 P 0
L -1.8356292 -1.6820875 -1.8356292 -1.6112195 0 P 0
L -1.8389756 -1.8664564 -1.8389756 -1.8270863 0 P 0
L -1.8484252 -0.8444875 -1.7775592 -0.8444875 0 P 0
L -1.8484252 -0.8740155 -1.7775592 -0.8740155 0 P 0
L -1.8484252 -0.8740155 -1.8484252 -0.8444875 0 P 0
L -1.8494092 -1.5826775 -1.8494092 -1.5610235 0 P 0
L -1.8494092 -1.6574795 -1.8494092 -1.6358275 0 P 0
L -1.8513312 -1.3012275 -1.8119612 -1.3012275 0 P 0
L -1.8576764 -1.8464564 -1.8183063 -1.8464564 0 P 0
L -1.8602352 -0.7844495 -1.8602352 -0.7490155 0 P 0
L -1.8602372 -1.5718495 -1.8385832 -1.5718495 0 P 0
L -1.8602372 -1.6466535 -1.8385832 -1.6466535 0 P 0
L -1.8631892 -0.8779535 -1.7234252 -0.8779535 0 P 0
L -1.8631892 -1.0314955 -1.7234252 -1.0314955 0 P 0
L -1.8631892 -1.0314955 -1.8631892 -0.8779535 0 P 0
L -1.8631892 -1.0314955 -1.8631892 -0.8779535 0 P 0
L -1.8631892 -1.5364175 -1.8356292 -1.5364175 0 P 0
L -1.8631892 -1.6072835 -1.8356292 -1.6072835 0 P 0
L -1.8631892 -1.6072835 -1.8631892 -1.5364175 0 P 0
L -1.8631892 -1.6112195 -1.8356292 -1.6112195 0 P 0
L -1.8631892 -1.6820875 -1.8356292 -1.6820875 0 P 0
L -1.8631892 -1.6820875 -1.8631892 -1.6112195 0 P 0
L -1.8661412 -0.4051193 -1.7263772 -0.4051193 0 P 0
L -1.8661412 -0.5586613 -1.7263772 -0.5586613 0 P 0
L -1.8661412 -0.5586613 -1.8661412 -0.4051193 0 P 0
L -1.8661412 -0.5586613 -1.8661412 -0.4188973 0 P 0
L -1.8661412 -0.5846455 -1.7263772 -0.5846455 0 P 0
L -1.8661412 -0.7381895 -1.7263772 -0.7381895 0 P 0
L -1.8661412 -0.7381895 -1.8661412 -0.5846455 0 P 0
L -1.8681112 -1.5669295 -1.8681112 -1.5374015 0 P 0
L -1.8730312 -0.7293315 -1.8730312 -0.6348435 3 P 0
L -1.873622 -0.3169292 -1.873622 -0.2775591 0 P 0
L -1.8779532 -0.7667315 -1.8425192 -0.7667315 0 P 0
L -1.8809052 -1.0649615 -1.8809052 -1.0354335 0 P 0
L -1.8933071 -0.2972442 -1.853937 -0.2972442 0 P 0
L -1.8946852 -0.6998035 -1.8946852 -0.6643695 0 P 0
L -1.9035432 -1.5629915 -1.9035432 -1.5413395 0 P 0
L -1.9074046 -0.1006935 -1.9074046 -0.0613235 0 P 0
L -1.9074812 -0.7450795 -1.8129912 -0.7450795 3 P 0
L -1.9074812 -0.7883855 -1.8129912 -0.7883855 3 P 0
L -1.9074812 -0.7883855 -1.9074812 -0.7450795 3 P 0
L -1.9124012 -0.6820875 -1.8769692 -0.6820875 0 P 0
L -1.9143692 -1.5521655 -1.8927172 -1.5521655 0 P 0
L -1.9163392 -0.6348435 -1.8730312 -0.6348435 3 P 0
L -1.9163392 -0.7293315 -1.8730312 -0.7293315 3 P 0
L -1.9163392 -0.7293315 -1.9163392 -0.6348435 3 P 0
L -1.9163392 -1.0610235 -1.9163392 -1.0393695 0 P 0
L -1.9169291 -0.2470473 -1.8303149 -0.2470473 3 P 0
L -1.9169291 -0.3474411 -1.8303149 -0.3474411 3 P 0
L -1.9169291 -0.3474411 -1.9169291 -0.2470473 3 P 0
L -1.9183072 -0.8740155 -1.9183072 -0.8444875 0 P 0
L -1.9232292 -0.7381895 -1.9232292 -0.5964575 0 P 0
L -1.9270896 -0.0810085 -1.8877196 -0.0810085 0 P 0
L -1.9271652 -1.0501975 -1.9055112 -1.0501975 0 P 0
L -1.9330712 -0.9744095 -1.9330712 -0.9350395 0 P 0
L -1.9389772 -0.7883855 -1.9389772 -0.7450795 3 P 0
L -1.9389772 -1.5374015 -1.8681112 -1.5374015 0 P 0
L -1.9389772 -1.5669295 -1.8681112 -1.5669295 0 P 0
L -1.9389772 -1.5669295 -1.9389772 -1.5374015 0 P 0
L -1.9399607 -3.2383858 -1.3399607 -3.2383858 0 P 0
L -1.9399607 -3.4549213 -1.3399607 -3.4549213 0 P 0
L -1.9399607 -3.4549213 -1.9399607 -3.2383858 0 P 0
L -1.9429132 -0.5084653 -1.9429132 -0.4690953 0 P 0
L -1.9517712 -1.0354335 -1.8809052 -1.0354335 0 P 0
L -1.9517712 -1.0649615 -1.8809052 -1.0649615 0 P 0
L -1.9517712 -1.0649615 -1.9517712 -1.0354335 0 P 0
L -1.9527552 -0.9547255 -1.9133852 -0.9547255 0 P 0
L -1.9537392 -0.8700795 -1.9537392 -0.8484255 0 P 0
L -1.9625972 -0.4887793 -1.9232272 -0.4887793 0 P 0
L -1.9645672 -0.8592515 -1.9429132 -0.8592515 0 P 0
L -1.9862212 -0.7844495 -1.9862212 -0.7490155 0 P 0
L -1.9891732 -0.8444875 -1.9183072 -0.8444875 0 P 0
L -1.9891732 -0.8740155 -1.9183072 -0.8740155 0 P 0
L -1.9891732 -0.8740155 -1.9891732 -0.8444875 0 P 0
L -1.9913388 -0.2993315 -1.9913388 -0.2284655 0 P 0
L -1.9929132 -0.5923229 -1.9929132 -0.5627953 0 P 0
L -2.0029532 -0.8779535 -1.8631892 -0.8779535 0 P 0
L -2.0029532 -1.0314955 -1.8631892 -1.0314955 0 P 0
L -2.0029532 -1.0314955 -2.0029532 -0.8779535 0 P 0
L -2.0039372 -0.7667315 -1.9685032 -0.7667315 0 P 0
L -2.0051188 -0.2747235 -2.0051188 -0.2530715 0 P 0
L -2.0068892 -0.9448815 -2.0068892 -0.8996055 0 P 0
L -2.0078732 -3.7795275 -2.0078732 -3.7401575 0 P 0
L -2.0159448 -0.2638975 -1.9942908 -0.2638975 0 P 0
L -2.0188968 -0.2284655 -1.9913388 -0.2284655 0 P 0
L -2.0188968 -0.2993315 -1.9913388 -0.2993315 0 P 0
L -2.0188968 -0.2993315 -2.0188968 -0.2284655 0 P 0
L -2.0196852 -0.4188973 -1.8661412 -0.4188973 0 P 0
L -2.0196852 -0.5586613 -1.8661412 -0.5586613 0 P 0
L -2.0196852 -0.5586613 -2.0196852 -0.4188973 0 P 0
L -2.0196852 -0.5586613 -2.0196852 -0.4188973 0 P 0
L -2.0196852 -1.0187015 -2.0196852 -0.9478335 0 P 0
L -2.0257868 -0.2993315 -2.0257868 -0.2284635 0 P 0
L -2.0275592 -3.7598415 -1.9881892 -3.7598415 0 P 0
L -2.0283463 -0.5883859 -2.0283463 -0.5667324 0 P 0
L -2.0334652 -0.7450795 -1.9389772 -0.7450795 3 P 0
L -2.0334652 -0.7883855 -1.9389772 -0.7883855 3 P 0
L -2.0334652 -0.7883855 -2.0334652 -0.7450795 3 P 0
L -2.0334652 -0.9940935 -2.0334652 -0.9724415 0 P 0
L -2.0383392 -1.0945355 -1.6249532 -1.0945355 0 P 0
L -2.0383392 -1.5079215 -1.6249532 -1.5079215 0 P 0
L -2.0383392 -1.5079215 -2.0383392 -1.0945355 0 P 0
L -2.039173 -0.5775591 -2.0175195 -0.5775591 0 P 0
L -2.0405508 -0.2747235 -2.0405508 -0.2530715 0 P 0
L -2.0433072 -1.4340555 -2.0433072 -1.3631895 0 P 0
L -2.0433072 -1.5413395 -2.0433072 -1.4389755 0 P 0
L -2.0442912 -0.9832675 -2.0226372 -0.9832675 0 P 0
L -2.0472432 -0.9478335 -2.0196852 -0.9478335 0 P 0
L -2.0472432 -1.0187015 -2.0196852 -1.0187015 0 P 0
L -2.0472432 -1.0187015 -2.0472432 -0.9478335 0 P 0
L -2.0482292 -0.6870075 -2.0482292 -0.6476375 0 P 0
L -2.0492132 -0.8779535 -2.0492132 -0.7381895 0 P 0
L -2.0513788 -0.2638975 -2.0297248 -0.2638975 0 P 0
L -2.0531492 -1.0482275 -2.0531492 -0.9537395 3 P 0
L -2.0553148 -0.2284635 -2.0257868 -0.2284635 0 P 0
L -2.0553148 -0.2993315 -2.0257868 -0.2993315 0 P 0
L -2.0553148 -0.2993315 -2.0553148 -0.2284635 0 P 0
L -2.0561032 -0.9330715 -2.0561032 -0.9114175 0 P 0
L -2.0570872 -1.4094495 -2.0570872 -1.3877955 0 P 0
L -2.0637793 -0.5627953 -1.9929132 -0.5627953 0 P 0
L -2.0637793 -0.5923229 -1.9929132 -0.5923229 0 P 0
L -2.0637793 -0.5923229 -2.0637793 -0.5627953 0 P 0
L -2.0669292 -0.9222435 -2.0452752 -0.9222435 0 P 0
L -2.0669292 -1.5078735 -2.0669292 -1.4724415 0 P 0
L -2.0679132 -0.6673235 -2.0285432 -0.6673235 0 P 0
L -2.0679132 -1.3986215 -2.0462592 -1.3986215 0 P 0
L -2.0708652 -1.3631895 -2.0433072 -1.3631895 0 P 0
L -2.0708652 -1.4340555 -2.0433072 -1.4340555 0 P 0
L -2.0708652 -1.4340555 -2.0708652 -1.3631895 0 P 0
L -2.0757872 -1.4340555 -2.0757872 -1.3631895 0 P 0
L -2.0767712 -1.0196855 -2.0767712 -0.9822835 0 P 0
L -2.0822839 -0.5923233 -2.0822839 -0.5627953 0 P 0
L -2.0846452 -1.4901575 -2.0492132 -1.4901575 0 P 0
L -2.0895672 -1.4094495 -2.0895672 -1.3877955 0 P 0
L -2.0905512 -1.4389755 -2.0433072 -1.4389755 0 P 0
L -2.0905512 -1.5413395 -2.0433072 -1.5413395 0 P 0
L -2.0905512 -1.5413395 -2.0905512 -1.4389755 0 P 0
L -2.0954046 0.0439915 -1.7194046 0.0439915 4 P 0
L -2.0954046 -0.2220085 -1.7194046 -0.2220084 4 P 0
L -2.0954046 -0.2220085 -2.0954046 0.0439915 4 P 0
L -2.0954732 -1.0009835 -2.0580712 -1.0009835 0 P 0
L -2.0964572 -0.5084653 -2.0964572 -0.4690953 0 P 0
L -2.1003932 -0.9537395 -2.0531492 -0.9537395 3 P 0
L -2.1003932 -1.0482275 -2.0531492 -1.0482275 3 P 0
L -2.1003932 -1.0482275 -2.1003932 -0.9537395 3 P 0
L -2.1003932 -1.3986215 -2.0787392 -1.3986215 0 P 0
L -2.1033472 -1.3631895 -2.0757872 -1.3631895 0 P 0
L -2.1033472 -1.4340555 -2.0757872 -1.4340555 0 P 0
L -2.1033472 -1.4340555 -2.1033472 -1.3631895 0 P 0
L -2.1036872 -0.0137795 -1.7100132 -0.0137795 0 P 0
L -2.1053152 -0.8996055 -2.0068892 -0.8996055 0 P 0
L -2.1053152 -0.9448815 -2.0068892 -0.9448815 0 P 0
L -2.1053152 -0.9448815 -2.1053152 -0.8996055 0 P 0
L -2.1053152 -1.1978335 -2.1053152 -0.9478335 0 P 0
L -2.1082672 -1.2312995 -2.1082672 -1.2017715 0 P 0
L -2.1082672 -1.2627955 -2.1082672 -1.2352355 0 P 0
L -2.1161412 -0.4887793 -2.0767712 -0.4887793 0 P 0
L -2.1177159 -0.5883853 -2.1177159 -0.5667333 0 P 0
L -2.1259832 -0.8277555 -2.1259832 -0.7883855 0 P 0
L -2.1285439 -0.5775593 -2.1068899 -0.5775593 0 P 0
L -2.1338572 -0.9104335 -2.1338572 -0.8828735 0 P 0
L -2.1338572 -0.9438975 -2.1338572 -0.9143695 0 P 0
L -2.1437012 -1.2273615 -2.1437012 -1.2057095 0 P 0
L -2.1437012 -1.2598415 -2.1437012 -1.2381895 0 P 0
L -2.1456692 -0.8080715 -2.1062992 -0.8080715 0 P 0
L -2.1507867 -2.9992133 -1.3271647 -2.9992133 0 P 0
L -2.1507867 -3.0937015 -1.3271647 -3.0937015 0 P 0
L -2.1507867 -3.0937015 -2.1507867 -2.9992133 0 P 0
L -2.151771 -2.099409 -1.328149 -2.099409 0 P 0
L -2.151771 -2.1938972 -1.328149 -2.1938972 0 P 0
L -2.151771 -2.1938972 -2.151771 -2.099409 0 P 0
L -2.1531499 -0.5627953 -2.0822839 -0.5627953 0 P 0
L -2.1531499 -0.5923233 -2.0822839 -0.5923233 0 P 0
L -2.1531499 -0.5923233 -2.1531499 -0.5627953 0 P 0
L -2.1545272 -1.2165355 -2.1328732 -1.2165355 0 P 0
L -2.1545272 -1.2490155 -2.1328732 -1.2490155 0 P 0
L -2.1692912 -0.9074795 -2.1692912 -0.8858275 0 P 0
L -2.1692912 -0.9399595 -2.1692912 -0.9183075 0 P 0
L -2.1732292 -0.4188973 -2.0196852 -0.4188973 0 P 0
L -2.1732292 -0.5586613 -2.0196852 -0.5586613 0 P 0
L -2.1732292 -0.5586613 -2.1732292 -0.4188973 0 P 0
L -2.1732292 -0.5964575 -1.9232292 -0.5964575 0 P 0
L -2.1732292 -0.7381895 -1.9232292 -0.7381895 0 P 0
L -2.1732292 -0.7381895 -2.1732292 -0.5964575 0 P 0
L -2.1761812 -1.0925195 -2.1761812 -1.0531495 0 P 0
L -2.1771652 -0.6722435 -2.1771652 -0.6013775 0 P 0
L -2.1791332 -1.2017715 -2.1082672 -1.2017715 0 P 0
L -2.1791332 -1.2312995 -2.1082672 -1.2312995 0 P 0
L -2.1791332 -1.2312995 -2.1791332 -1.2017715 0 P 0
L -2.1791332 -1.2352355 -2.1082672 -1.2352355 0 P 0
L -2.1791332 -1.2627955 -2.1082672 -1.2627955 0 P 0
L -2.1791332 -1.2627955 -2.1791332 -1.2352355 0 P 0
L -2.1801172 -0.8966535 -2.1584652 -0.8966535 0 P 0
L -2.1801172 -0.9291335 -2.1584652 -0.9291335 0 P 0
L -2.1830712 -1.2312995 -2.1830712 -1.2017715 0 P 0
L -2.1874008 -0.2748022 -2.1874008 -0.2354322 0 P 0
L -2.1909452 -0.6476375 -2.1909452 -0.6259835 0 P 0
L -2.1958652 -1.0728335 -2.1564952 -1.0728335 0 P 0
L -2.2007874 -2.0061024 -2.2007874 -1.9608268 0 P 0
L -2.2007874 -2.0557087 -2.2007874 -2.0104331 0 P 0
L -2.2017712 -0.6368115 -2.1801172 -0.6368115 0 P 0
L -2.2027552 -0.7381895 -2.0492132 -0.7381895 0 P 0
L -2.2027552 -0.8779535 -2.0492132 -0.8779535 0 P 0
L -2.2027552 -0.8779535 -2.2027552 -0.7381895 0 P 0
L -2.2047252 -0.6013775 -2.1771652 -0.6013775 0 P 0
L -2.2047252 -0.6722435 -2.1771652 -0.6722435 0 P 0
L -2.2047252 -0.6722435 -2.2047252 -0.6013775 0 P 0
L -2.2047252 -0.8828735 -2.1338572 -0.8828735 0 P 0
L -2.2047252 -0.9104335 -2.1338572 -0.9104335 0 P 0
L -2.2047252 -0.9104335 -2.2047252 -0.8828735 0 P 0
L -2.2047252 -0.9143695 -2.1338572 -0.9143695 0 P 0
L -2.2047252 -0.9438975 -2.1338572 -0.9438975 0 P 0
L -2.2047252 -0.9438975 -2.2047252 -0.9143695 0 P 0
L -2.2070868 -0.2551182 -2.1677168 -0.2551182 0 P 0
L -2.2096452 -0.9438975 -2.2096452 -0.8730315 0 P 0
L -2.2106292 -0.6722435 -2.2106292 -0.5777555 3 P 0
L -2.2106292 -0.7903535 -2.2106292 -0.6958655 3 P 0
L -2.2185032 -1.2273615 -2.2185032 -1.2057095 0 P 0
L -2.2200785 -0.5535437 -2.2200785 -0.4826777 0 P 0
L -2.2244092 -0.9192915 -2.2244092 -0.8976375 0 P 0
L -2.2293312 -1.2165355 -2.2076772 -1.2165355 0 P 0
L -2.2322832 -0.7608275 -2.2322832 -0.7253935 0 P 0
L -2.2342512 -0.6437015 -2.2342512 -0.6062995 0 P 0
L -2.2348425 -0.5289377 -2.2348425 -0.5072837 0 P 0
L -2.2352352 -0.9084655 -2.2135832 -0.9084655 0 P 0
L -2.2391732 -0.8730315 -2.2096452 -0.8730315 0 P 0
L -2.2391732 -0.9438975 -2.2096452 -0.9438975 0 P 0
L -2.2391732 -0.9438975 -2.2391732 -0.8730315 0 P 0
L -2.2456685 -0.5181097 -2.2240165 -0.5181097 0 P 0
L -2.2470472 -0.9478335 -2.1053152 -0.9478335 0 P 0
L -2.2470472 -1.1978335 -2.1053152 -1.1978335 0 P 0
L -2.2470472 -1.1978335 -2.2470472 -0.9478335 0 P 0
L -2.2496065 -0.4826777 -2.2200785 -0.4826777 0 P 0
L -2.2496065 -0.5535437 -2.2200785 -0.5535437 0 P 0
L -2.2496065 -0.5535437 -2.2496065 -0.4826777 0 P 0
L -2.2499992 -0.7431095 -2.2145672 -0.7431095 0 P 0
L -2.25 -1.9942914 -2.25 -1.9726379 0 P 0
L -2.25 -2.0438977 -2.25 -2.0222442 0 P 0
L -2.2509852 -1.0767715 -2.2509852 -1.0059055 0 P 0
L -2.2519692 -1.1555115 -2.2519692 -1.0846455 0 P 0
L -2.2529532 -0.6249995 -2.2155512 -0.6249995 0 P 0
L -2.2539372 -0.6958655 -2.2106292 -0.6958655 3 P 0
L -2.2539372 -0.7903535 -2.2106292 -0.7903535 3 P 0
L -2.2539372 -0.7903535 -2.2539372 -0.6958655 3 P 0
L -2.2539372 -1.2017715 -2.1830712 -1.2017715 0 P 0
L -2.2539372 -1.2312995 -2.1830712 -1.2312995 0 P 0
L -2.2539372 -1.2312995 -2.2539372 -1.2017715 0 P 0
L -2.2578732 -0.5777555 -2.2106292 -0.5777555 3 P 0
L -2.2578732 -0.6722435 -2.2106292 -0.6722435 3 P 0
L -2.2578732 -0.6722435 -2.2578732 -0.5777555 3 P 0
L -2.2608267 -1.9834646 -2.2391732 -1.9834646 0 P 0
L -2.2608267 -2.0330709 -2.2391732 -2.0330709 0 P 0
L -2.2637792 -0.6732275 -2.2637792 -0.5748035 0 P 0
L -2.2657472 -1.0521655 -2.2657472 -1.0305115 0 P 0
L -2.2657472 -1.1309055 -2.2657472 -1.1092515 0 P 0
L -2.2765752 -1.0413375 -2.2549212 -1.0413375 0 P 0
L -2.2765752 -1.1200795 -2.2549212 -1.1200795 0 P 0
L -2.2795272 -1.0846455 -2.2519692 -1.0846455 0 P 0
L -2.2795272 -1.1555115 -2.2519692 -1.1555115 0 P 0
L -2.2795272 -1.1555115 -2.2795272 -1.0846455 0 P 0
L -2.2805112 -1.0059055 -2.2509852 -1.0059055 0 P 0
L -2.2805112 -1.0767715 -2.2509852 -1.0767715 0 P 0
L -2.2805112 -1.0767715 -2.2805112 -1.0059055 0 P 0
L -2.2864172 -0.6348435 -2.2864172 -0.6131895 0 P 0
L -2.2972432 -0.6240155 -2.2755912 -0.6240155 0 P 0
L -2.2992126 -1.9608268 -2.2007874 -1.9608268 0 P 0
L -2.2992126 -2.0061024 -2.2007874 -2.0061024 0 P 0
L -2.2992126 -2.0061024 -2.2992126 -1.9608268 0 P 0
L -2.2992126 -2.0104331 -2.2007874 -2.0104331 0 P 0
L -2.2992126 -2.0557087 -2.2007874 -2.0557087 0 P 0
L -2.2992126 -2.0557087 -2.2992126 -2.0104331 0 P 0
L -2.3090552 -0.5748035 -2.2637792 -0.5748035 0 P 0
L -2.3090552 -0.6732275 -2.2637792 -0.6732275 0 P 0
L -2.3090552 -0.6732275 -2.3090552 -0.5748035 0 P 0
L -2.3389756 -1.7381887 -1.3389756 -1.7381887 0 P 0
L -2.3389756 -1.9547241 -1.3389756 -1.9547241 0 P 0
L -2.3389756 -1.9547241 -2.3389756 -1.7381887 0 P 0
L -2.3622052 0.0000005 -2.1342292 0.0000005 0 P 0
L -2.3622052 -3.9370075 0.0000008 -3.9370075 0 P 0
L -2.3622052 -3.9370075 -2.3622052 0.0000005 0 P 0
L -2.6673228 -3.3814961 -2.6673228 -3.3811017 1 P 0
