#Layer_Color=16711935
#
#Feature symbol names
#
$0 r3.937
$1 r0.1969
$2 r1.9685
$3 r7.874
$4 r10
$5 rect57.088x11.65
$6 rect11.65x57.086
$7 rect57.086x11.65

#
#Feature attribute names
#

#
#Layer features
#
A -0.4173369 -0.0137794 -0.386794 -0.0000208 -0.4173369 0.0270013 0 P 0 N
A -0.7480322 -3.3218504 -0.7480322 -3.3218504 -0.7559062 -3.3218504 2 P 0 N
A -0.8415525 -0.0000208 -0.8110093 -0.0137795 -0.8110093 0.0270015 0 P 0 N
A -1.0462599 -0.3149606 -1.0462599 -0.3149606 -1.0620079 -0.3149606 0 P 0 N
A -1.7100141 -0.0137794 -1.6794712 -0.0000208 -1.7100141 0.0270013 0 P 0 N
A -1.7115669 -1.4016221 -1.7115669 -1.4016221 -1.7312519 -1.4016221 0 P 0 N
A -1.9970472 -0.6291339 -1.9970472 -0.6291339 -2.0167322 -0.6291339 0 P 0 N
A -2.118307 -1.1043306 -2.118307 -1.1043306 -2.137992 -1.1043306 0 P 0 N
A -2.1342297 -0.0000208 -2.1036865 -0.0137795 -2.1036865 0.0270015 0 P 0 N
L 0.0000008 -3.9370075 0.0000008 0.0000005 0 P 0
L -0.0364172 -0.3838575 -0.0364172 -0.3405515 0 P 0
L -0.0580712 -0.3405515 -0.0364172 -0.3405515 0 P 0
L -0.0580712 -0.3838575 -0.0364172 -0.3838575 0 P 0
L -0.0580712 -0.3838575 -0.0580712 -0.3405515 0 P 0
L -0.0649612 -0.4478355 -0.0649612 -0.4261815 0 P 0
L -0.0836612 -0.3730315 -0.0836612 -0.3198815 0 P 0
L -0.0994094 -0.9478346 -0.0994094 -0.8139764 4 P 0
L -0.0994094 -0.9478346 -0.0994094 -0.8139764 4 P 0
L -0.1082672 -0.4261815 -0.0649612 -0.4261815 0 P 0
L -0.1082672 -0.4478355 -0.0649612 -0.4478355 0 P 0
L -0.1082672 -0.4478355 -0.1082672 -0.4261815 0 P 0
L -0.1633852 -0.4478355 -0.1633852 -0.4261815 0 P 0
L -0.1702752 -0.3198815 -0.0836612 -0.3198815 0 P 0
L -0.1702752 -0.3730315 -0.0836612 -0.3730315 0 P 0
L -0.1702752 -0.3730315 -0.1702752 -0.3198815 0 P 0
L -0.1938972 -0.3838575 -0.1938972 -0.3405515 0 P 0
L -0.2066932 -0.4261815 -0.1633852 -0.4261815 0 P 0
L -0.2066932 -0.4478355 -0.1633852 -0.4478355 0 P 0
L -0.2066932 -0.4478355 -0.2066932 -0.4261815 0 P 0
L -0.2155512 -0.3405515 -0.1938972 -0.3405515 0 P 0
L -0.2155512 -0.3838575 -0.1938972 -0.3838575 0 P 0
L -0.2155512 -0.3838575 -0.2155512 -0.3405515 0 P 0
L -0.2273612 -0.1417315 -0.2273612 -0.0551175 0 P 0
L -0.2844492 -0.0551175 -0.2273612 -0.0551175 0 P 0
L -0.2844492 -0.1417315 -0.2273612 -0.1417315 0 P 0
L -0.2844492 -0.1417315 -0.2844492 -0.0551175 0 P 0
L -0.3159452 -0.1417315 -0.3159452 -0.0551175 0 P 0
L -0.3494094 -0.8139764 -0.0994094 -0.8139764 4 P 0
L -0.3494094 -0.8139764 -0.0994094 -0.8139764 4 P 0
L -0.3494094 -0.9478346 -0.0994094 -0.9478346 4 P 0
L -0.3494094 -0.9478346 -0.0994094 -0.9478346 4 P 0
L -0.3494094 -0.9478346 -0.3494094 -0.8139764 4 P 0
L -0.3494094 -0.9478346 -0.3494094 -0.8139764 4 P 0
L -0.3515746 -0.4940948 -0.3515746 -0.4507868 0 P 0
L -0.3515754 -0.5712604 -0.3515754 -0.5279524 0 P 0
L -0.3730312 -0.0551175 -0.3159452 -0.0551175 0 P 0
L -0.3730312 -0.1417315 -0.3159452 -0.1417315 0 P 0
L -0.3730312 -0.1417315 -0.3730312 -0.0551175 0 P 0
L -0.3732286 -0.4507868 -0.3515746 -0.4507868 0 P 0
L -0.3732286 -0.4940948 -0.3515746 -0.4940948 0 P 0
L -0.3732286 -0.4940948 -0.3732286 -0.4507868 0 P 0
L -0.3732294 -0.5279524 -0.3515754 -0.5279524 0 P 0
L -0.3732294 -0.5712604 -0.3515754 -0.5712604 0 P 0
L -0.3732294 -0.5712604 -0.3732294 -0.5279524 0 P 0
L -0.3867932 0.0000005 0.0000008 0.0000005 0 P 0
L -0.4273621 -0.5377559 -0.4273621 -0.4747628 0 P 0
L -0.4311032 -0.3789375 -0.4311032 -0.3375975 0 P 0
L -0.4326782 -0.4407483 -0.4326782 -0.4190943 0 P 0
L -0.4340552 -0.3110235 -0.4340552 -0.2795275 0 P 0
L -0.4527552 -0.3375975 -0.4311032 -0.3375975 0 P 0
L -0.4527552 -0.3789375 -0.4311032 -0.3789375 0 P 0
L -0.4527552 -0.3789375 -0.4527552 -0.3375975 0 P 0
L -0.4537336 -1.2332675 -0.4537336 -1.1899595 0 P 0
L -0.4753876 -1.1899595 -0.4537336 -1.1899595 0 P 0
L -0.4753876 -1.2332675 -0.4537336 -1.2332675 0 P 0
L -0.4753876 -1.2332675 -0.4753876 -1.1899595 0 P 0
L -0.4759842 -0.4190943 -0.4326782 -0.4190943 0 P 0
L -0.4759842 -0.4407483 -0.4326782 -0.4407483 0 P 0
L -0.4759842 -0.4407483 -0.4759842 -0.4190943 0 P 0
L -0.480315 -2.5950787 -0.480315 -2.5734252 0 P 0
L -0.4822832 -0.3789375 -0.4822832 -0.3375975 0 P 0
L -0.4901572 -0.9035435 -0.4901572 -0.6909455 0 P 0
L -0.4942903 -0.4747628 -0.4273621 -0.4747628 0 P 0
L -0.4942912 -0.4747637 -0.4942903 -0.4747628 0 P 0
L -0.4942912 -0.537757 -0.4273622 -0.537757 0 P 0
L -0.4942912 -0.537757 -0.4942912 -0.4747637 0 P 0
L -0.495243 -2.6972377 -0.495243 -2.6755841 0 P 0
L -0.4964242 -2.6452692 -0.4964242 -2.6236156 0 P 0
L -0.4970472 -0.2795275 -0.4340552 -0.2795275 0 P 0
L -0.4970472 -0.3110235 -0.4340552 -0.3110235 0 P 0
L -0.4970472 -0.3110235 -0.4970472 -0.2795275 0 P 0
L -0.5039296 -1.2332675 -0.5039296 -1.1899595 0 P 0
L -0.5039372 -0.3375975 -0.4822832 -0.3375975 0 P 0
L -0.5039372 -0.3789375 -0.4822832 -0.3789375 0 P 0
L -0.5039372 -0.3789375 -0.5039372 -0.3375975 0 P 0
L -0.5198822 -0.5377561 -0.5198822 -0.4747628 0 P 0
L -0.5198831 -0.537757 -0.5198822 -0.5377561 0 P 0
L -0.5236221 -2.5950787 -0.480315 -2.5950787 0 P 0
L -0.5236222 -2.5734252 -0.480315 -2.5734252 0 P 0
L -0.5236222 -2.5734252 -0.5236221 -2.5950787 0 P 0
L -0.5255836 -1.1899595 -0.5039296 -1.1899595 0 P 0
L -0.5255836 -1.2332675 -0.5039296 -1.2332675 0 P 0
L -0.5255836 -1.2332675 -0.5255836 -1.1899595 0 P 0
L -0.5365816 -2.6755841 -0.495243 -2.6755841 0 P 0
L -0.5365816 -2.6972377 -0.495243 -2.6972377 0 P 0
L -0.5365816 -2.6972377 -0.5365816 -2.6755841 0 P 0
L -0.5374016 -0.3287402 -0.5374016 -0.25 2 P 0
L -0.5377628 -2.6236156 -0.4964242 -2.6236156 0 P 0
L -0.5377628 -2.6452692 -0.4964242 -2.6452692 0 P 0
L -0.5377628 -2.6452692 -0.5377628 -2.6236156 0 P 0
L -0.5541276 -1.2332675 -0.5541276 -1.1899595 0 P 0
L -0.5757816 -1.1899595 -0.5541276 -1.1899595 0 P 0
L -0.5757816 -1.2332675 -0.5541276 -1.2332675 0 P 0
L -0.5757816 -1.2332675 -0.5757816 -1.1899595 0 P 0
L -0.5868113 -0.4747628 -0.5198822 -0.4747628 0 P 0
L -0.5868113 -0.537757 -0.5198831 -0.537757 0 P 0
L -0.5868113 -0.537757 -0.5868113 -0.4747638 0 P 0
L -0.6043236 -1.2332675 -0.6043236 -1.1899595 0 P 0
L -0.6046843 -2.9793307 -0.6046843 -2.9576772 0 P 0
L -0.6046843 -3.0255906 -0.6046843 -3.0039371 0 P 0
L -0.6240157 -0.3287402 -0.5374016 -0.3287402 2 P 0
L -0.6240158 -0.25 -0.5374016 -0.25 2 P 0
L -0.6240158 -0.25 -0.6240157 -0.3287402 2 P 0
L -0.6259776 -1.1899595 -0.6043236 -1.1899595 0 P 0
L -0.6259776 -1.2332675 -0.6043236 -1.2332675 0 P 0
L -0.6259776 -1.2332675 -0.6259776 -1.1899595 0 P 0
L -0.6318892 -0.6909455 -0.4901572 -0.6909455 0 P 0
L -0.6318892 -0.9035435 -0.4901572 -0.9035435 0 P 0
L -0.6318892 -0.9035435 -0.6318892 -0.6909455 0 P 0
L -0.6322834 -0.4874016 -0.6322834 -0.4244082 0 P 0
L -0.6479914 -2.9576772 -0.6046843 -2.9576772 0 P 0
L -0.6479914 -2.9793307 -0.6046843 -2.9793307 0 P 0
L -0.6479914 -2.9793307 -0.6479914 -2.9576772 0 P 0
L -0.6479914 -3.0039371 -0.6046843 -3.0039371 0 P 0
L -0.6479914 -3.0255906 -0.6046843 -3.0255906 0 P 0
L -0.6479914 -3.0255906 -0.6479914 -3.0039371 0 P 0
L -0.6545272 -0.7273615 -0.6545272 -0.6860235 0 P 0
L -0.6545272 -0.8001975 -0.6545272 -0.7588575 0 P 0
L -0.6545272 -0.8749995 -0.6545272 -0.8336615 0 P 0
L -0.6653545 -2.6466536 -0.6653544 -2.6250001 0 P 0
L -0.6653545 -2.6919292 -0.6653544 -2.6702757 0 P 0
L -0.6761812 -0.6860235 -0.6545272 -0.6860235 0 P 0
L -0.6761812 -0.7273615 -0.6545272 -0.7273615 0 P 0
L -0.6761812 -0.7273615 -0.6761812 -0.6860235 0 P 0
L -0.6761812 -0.7588575 -0.6545272 -0.7588575 0 P 0
L -0.6761812 -0.8001975 -0.6545272 -0.8001975 0 P 0
L -0.6761812 -0.8001975 -0.6761812 -0.7588575 0 P 0
L -0.6761812 -0.8336615 -0.6545272 -0.8336615 0 P 0
L -0.6761812 -0.8749995 -0.6545272 -0.8749995 0 P 0
L -0.6761812 -0.8749995 -0.6761812 -0.8336615 0 P 0
L -0.6771652 -2.8779527 -0.6771652 -2.8149606 0 P 0
L -0.6870081 -3.3366138 -0.6870081 -3.2145678 0 P 0
L -0.6879926 -3.139763 -0.6879926 -3.096457 0 P 0
L -0.6899612 -0.7283475 -0.6899612 -0.6850395 0 P 0
L -0.6992116 -0.4244082 -0.6322834 -0.4244082 0 P 0
L -0.6992125 -0.4244092 -0.6992116 -0.4244082 0 P 0
L -0.6992125 -0.4874025 -0.6322834 -0.4874026 0 P 0
L -0.6992125 -0.4874025 -0.6992125 -0.4244092 0 P 0
L -0.7019688 -0.2923235 -0.7019688 -0.2509835 0 P 0
L -0.7049216 -1.0519684 -0.7049216 -1.0086613 0 P 0
L -0.7086612 -2.8149606 -0.6771652 -2.8149606 0 P 0
L -0.7086612 -2.8779527 -0.6771652 -2.8779527 0 P 0
L -0.7086612 -2.8779527 -0.7086612 -2.8149606 0 P 0
L -0.7086615 -2.6250001 -0.6653544 -2.6250001 0 P 0
L -0.7086615 -2.6466536 -0.6653545 -2.6466536 0 P 0
L -0.7086615 -2.6466536 -0.7086615 -2.6250001 0 P 0
L -0.7086615 -2.6702757 -0.6653544 -2.6702757 0 P 0
L -0.7086615 -2.6919292 -0.6653545 -2.6919292 0 P 0
L -0.7086615 -2.6919292 -0.7086615 -2.6702757 0 P 0
L -0.7096466 -3.096457 -0.6879926 -3.096457 0 P 0
L -0.7096466 -3.139763 -0.6879926 -3.139763 0 P 0
L -0.7096466 -3.139763 -0.7096466 -3.096457 0 P 0
L -0.7116132 -0.6850395 -0.6899612 -0.6850395 0 P 0
L -0.7116132 -0.7283475 -0.6899612 -0.7283475 0 P 0
L -0.7116132 -0.7283475 -0.7116132 -0.6850395 0 P 0
L -0.7137804 -2.2397636 -0.7137804 -2.2082676 0 P 0
L -0.7236228 -0.2509835 -0.7019688 -0.2509835 0 P 0
L -0.7236228 -0.2923235 -0.7019688 -0.2923235 0 P 0
L -0.7236228 -0.2923235 -0.7236228 -0.2509835 0 P 0
L -0.7248026 -0.4874022 -0.7248026 -0.4244089 0 P 0
L -0.7248035 -0.4874031 -0.7248026 -0.4874022 0 P 0
L -0.7265751 -1.0086613 -0.7049216 -1.0086613 0 P 0
L -0.7265751 -1.0519684 -0.7049216 -1.0519684 0 P 0
L -0.7265751 -1.0519684 -0.7265751 -1.0086613 0 P 0
L -0.7374008 -0.2933075 -0.7374008 -0.2499995 0 P 0
L -0.7383859 -1.0519685 -0.7383859 -1.0086614 0 P 0
L -0.7391726 -3.1397642 -0.7391726 -3.0964562 0 P 0
L -0.747028 -0.9655524 -0.747028 -0.9438984 0 P 0
L -0.7519532 -0.0138975 -0.4756832 -0.0138975 0 P 0
L -0.7584647 -2.3316928 -0.7584647 -2.3100393 0 P 0
L -0.7588592 -0.8494095 -0.7588592 -0.8277555 0 P 0
L -0.7590548 -0.2499995 -0.7374008 -0.2499995 0 P 0
L -0.7590548 -0.2933075 -0.7374008 -0.2933075 0 P 0
L -0.7590548 -0.2933075 -0.7590548 -0.2499995 0 P 0
L -0.7600394 -1.0086614 -0.7383859 -1.0086614 0 P 0
L -0.7600394 -1.0519685 -0.7383859 -1.0519685 0 P 0
L -0.7600394 -1.0519685 -0.7600394 -1.0086614 0 P 0
L -0.7607876 -0.8907468 -0.7607876 -0.8690933 0 P 0
L -0.760807 -0.9242126 -0.760807 -0.9025591 0 P 0
L -0.7608266 -3.0964562 -0.7391726 -3.0964562 0 P 0
L -0.7608266 -3.1397642 -0.7391726 -3.1397642 0 P 0
L -0.7608266 -3.1397642 -0.7608266 -3.0964562 0 P 0
L -0.7696861 -3.2145678 -0.6870081 -3.2145678 0 P 0
L -0.7696861 -3.3366138 -0.6870081 -3.3366138 0 P 0
L -0.7696861 -3.3366138 -0.7696861 -3.2145678 0 P 0
L -0.7706687 -0.6712595 -0.7706687 -0.6279535 0 P 0
L -0.7767725 -2.2082676 -0.7137804 -2.2082676 0 P 0
L -0.7767725 -2.2397636 -0.7137804 -2.2397636 0 P 0
L -0.7767725 -2.2397636 -0.7767725 -2.2082676 0 P 0
L -0.779725 -1.055836 -0.779725 -1.012528 0 P 0
L -0.7824801 -3.2942918 -0.7824801 -3.2529538 0 P 0
L -0.7883852 -0.7578735 -0.7883852 -0.7145675 0 P 0
L -0.790336 -0.9438984 -0.747028 -0.9438984 0 P 0
L -0.790336 -0.9655524 -0.747028 -0.9655524 0 P 0
L -0.790336 -0.9655524 -0.790336 -0.9438984 0 P 0
L -0.7917317 -0.4244089 -0.7248026 -0.4244089 0 P 0
L -0.7917317 -0.4874031 -0.7248035 -0.4874031 0 P 0
L -0.7917317 -0.4874031 -0.7917317 -0.4244099 0 P 0
L -0.7923227 -0.6279535 -0.7706687 -0.6279535 0 P 0
L -0.7923227 -0.6712595 -0.7706687 -0.6712595 0 P 0
L -0.7923227 -0.6712595 -0.7923227 -0.6279535 0 P 0
L -0.7952755 -0.3188977 -0.7952755 -0.2559056 0 P 0
L -0.7998032 -2.3100393 -0.7584647 -2.3100393 0 P 0
L -0.7998032 -2.3316928 -0.7584647 -2.3316928 0 P 0
L -0.7998032 -2.3316928 -0.7998032 -2.3100393 0 P 0
L -0.8001972 -0.8277555 -0.7588592 -0.8277555 0 P 0
L -0.8001972 -0.8494095 -0.7588592 -0.8494095 0 P 0
L -0.8001972 -0.8494095 -0.8001972 -0.8277555 0 P 0
L -0.801379 -1.012528 -0.779725 -1.012528 0 P 0
L -0.801379 -1.055836 -0.779725 -1.055836 0 P 0
L -0.801379 -1.055836 -0.801379 -1.012528 0 P 0
L -0.8039186 -2.8482289 -0.8039186 -2.8068904 0 P 0
L -0.8040947 -0.8690933 -0.7607876 -0.8690933 0 P 0
L -0.8040947 -0.8907468 -0.7607876 -0.8907468 0 P 0
L -0.8040947 -0.8907468 -0.8040947 -0.8690933 0 P 0
L -0.8041141 -0.9025591 -0.760807 -0.9025591 0 P 0
L -0.8041141 -0.9242126 -0.760807 -0.9242126 0 P 0
L -0.8041141 -0.9242126 -0.8041141 -0.9025591 0 P 0
L -0.8041341 -3.2529538 -0.7824801 -3.2529538 0 P 0
L -0.8041341 -3.2942918 -0.7824801 -3.2942918 0 P 0
L -0.8041341 -3.2942918 -0.8041341 -3.2529538 0 P 0
L -0.8100392 -0.7145675 -0.7883852 -0.7145675 0 P 0
L -0.8100392 -0.7578735 -0.7883852 -0.7578735 0 P 0
L -0.8100392 -0.7578735 -0.8100392 -0.7145675 0 P 0
L -0.8110092 -0.0137795 -0.4173372 -0.0137795 0 P 0
L -0.8133858 -0.4261811 -0.8133858 -0.3848426 0 P 0
L -0.8210631 -1.042126 -0.8210631 -0.9988189 0 P 0
L -0.8255721 -2.8068904 -0.8039186 -2.8068904 0 P 0
L -0.8255721 -2.8482289 -0.8039186 -2.8482289 0 P 0
L -0.8255721 -2.8482289 -0.8255721 -2.8068904 0 P 0
L -0.8267715 -0.2559056 -0.7952755 -0.2559056 0 P 0
L -0.8267715 -0.3188977 -0.7952755 -0.3188977 0 P 0
L -0.8267715 -0.3188977 -0.8267715 -0.2559056 0 P 0
L -0.8350393 -0.3848426 -0.8133858 -0.3848426 0 P 0
L -0.8350393 -0.4261811 -0.8133858 -0.4261811 0 P 0
L -0.8350393 -0.4261811 -0.8350393 -0.3848426 0 P 0
L -0.8427166 -0.9988189 -0.8210631 -0.9988189 0 P 0
L -0.8427166 -1.042126 -0.8210631 -1.042126 0 P 0
L -0.8427166 -1.042126 -0.8427166 -0.9988189 0 P 0
L -0.8454732 -0.9576775 -0.8454732 -0.6781495 0 P 0
L -0.8542919 -1.042126 -0.8542919 -0.9988189 0 P 0
L -0.8576771 -0.427167 -0.8576771 -0.3838599 0 P 0
L -0.8759454 -0.9988189 -0.8542919 -0.9988189 0 P 0
L -0.8759454 -1.042126 -0.8542919 -1.042126 0 P 0
L -0.8759454 -1.042126 -0.8759454 -0.9988189 0 P 0
L -0.8793306 -0.3838599 -0.8576771 -0.3838599 0 P 0
L -0.8793306 -0.427167 -0.8576771 -0.427167 0 P 0
L -0.8793306 -0.427167 -0.8793306 -0.3838599 0 P 0
L -0.8838592 -0.3336615 -0.8838592 -0.2470475 0 P 0
L -0.8858276 -0.5374027 -0.8858276 -0.5157487 0 P 0
L -0.8936624 -1.042126 -0.8936624 -0.9988189 0 P 0
L -0.8950787 -2.2261814 -0.8950786 -2.2694885 0 P 0
L -0.8950788 -2.1641733 -0.8950787 -2.1208663 0 P 0
L -0.9005912 -0.6053155 -0.9005912 -0.5836615 0 P 0
L -0.9005912 -0.6407475 -0.9005912 -0.6190935 0 P 0
L -0.9006367 -1.2332677 -0.9006367 -1.1899606 0 P 0
L -0.9015752 -0.3149615 -0.9015752 -0.0708655 3 P 0
L -0.9131896 -0.4377944 -0.9131896 -0.4161424 0 P 0
L -0.9143692 -0.1732275 -0.9143692 -0.1043315 0 P 0
L -0.9153159 -0.9988189 -0.8936624 -0.9988189 0 P 0
L -0.9153159 -1.042126 -0.8936624 -1.042126 0 P 0
L -0.9153159 -1.042126 -0.9153159 -0.9988189 0 P 0
L -0.9167322 -2.1641733 -0.8950788 -2.1641733 0 P 0
L -0.9167322 -2.2694884 -0.8950786 -2.2694885 0 P 0
L -0.9167323 -2.1208663 -0.8950787 -2.1208663 0 P 0
L -0.9167323 -2.1208663 -0.9167322 -2.1641733 0 P 0
L -0.9167323 -2.2261814 -0.8950787 -2.2261814 0 P 0
L -0.9167323 -2.2261814 -0.9167322 -2.2694884 0 P 0
L -0.9185039 -0.3966535 -0.9185039 -0.375 0 P 0
L -0.9222902 -1.1899606 -0.9006367 -1.1899606 0 P 0
L -0.9222902 -1.2332677 -0.9006367 -1.2332677 0 P 0
L -0.9222902 -1.2332677 -0.9222902 -1.1899606 0 P 0
L -0.9272265 -1.042126 -0.9272265 -0.9988189 0 P 0
L -0.9291336 -0.5157487 -0.8858276 -0.5157487 0 P 0
L -0.9291336 -0.5374027 -0.8858276 -0.5374027 0 P 0
L -0.9291336 -0.5374027 -0.9291336 -0.5157487 0 P 0
L -0.9298815 -2.8464569 -0.9298815 -2.8051184 0 P 0
L -0.9409452 -0.2470475 -0.8838592 -0.2470475 0 P 0
L -0.9409452 -0.3336615 -0.8838592 -0.3336615 0 P 0
L -0.9409452 -0.3336615 -0.9409452 -0.2470475 0 P 0
L -0.9419292 -0.5836615 -0.9005912 -0.5836615 0 P 0
L -0.9419292 -0.6053155 -0.9005912 -0.6053155 0 P 0
L -0.9419292 -0.6053155 -0.9419292 -0.5836615 0 P 0
L -0.9419292 -0.6190935 -0.9005912 -0.6190935 0 P 0
L -0.9419292 -0.6407475 -0.9005912 -0.6407475 0 P 0
L -0.9419292 -0.6407475 -0.9419292 -0.6190935 0 P 0
L -0.9464569 -2.30378 -0.9464569 -2.091182 0 P 0
L -0.94888 -0.9988189 -0.9272265 -0.9988189 0 P 0
L -0.94888 -1.042126 -0.9272265 -1.042126 0 P 0
L -0.94888 -1.042126 -0.94888 -0.9988189 0 P 0
L -0.951535 -2.8051184 -0.9298815 -2.8051184 0 P 0
L -0.951535 -2.8464569 -0.9298815 -2.8464569 0 P 0
L -0.951535 -2.8464569 -0.951535 -2.8051184 0 P 0
L -0.9517712 -0.1043315 -0.9143692 -0.1043315 0 P 0
L -0.9517712 -0.1732275 -0.9143692 -0.1732275 0 P 0
L -0.9517712 -0.1732275 -0.9517712 -0.1043315 0 P 0
L -0.9545276 -0.4161424 -0.9131896 -0.4161424 0 P 0
L -0.9545276 -0.4377944 -0.9131896 -0.4377944 0 P 0
L -0.9545276 -0.4377944 -0.9545276 -0.4161424 0 P 0
L -0.957676 -1.2332477 -0.957676 -1.1899397 0 P 0
L -0.9586612 -0.3267715 -0.9586612 -0.2834655 0 P 0
L -0.9604336 -1.0421252 -0.9604336 -0.9988192 0 P 0
L -0.961811 -0.375 -0.9185039 -0.375 0 P 0
L -0.961811 -0.3966535 -0.9185039 -0.3966535 0 P 0
L -0.961811 -0.3966535 -0.961811 -0.375 0 P 0
L -0.9635832 -0.1683075 -0.9635832 -0.1249995 0 P 0
L -0.9731886 -2.8464569 -0.9731886 -2.8051184 0 P 0
L -0.97933 -1.1899397 -0.957676 -1.1899397 0 P 0
L -0.97933 -1.2332477 -0.957676 -1.2332477 0 P 0
L -0.97933 -1.2332477 -0.97933 -1.1899397 0 P 0
L -0.9803152 -0.2834655 -0.9586612 -0.2834655 0 P 0
L -0.9803152 -0.3267715 -0.9586612 -0.3267715 0 P 0
L -0.9803152 -0.3267715 -0.9803152 -0.2834655 0 P 0
L -0.9820856 -0.9988192 -0.9604336 -0.9988192 0 P 0
L -0.9820856 -1.0421252 -0.9604336 -1.0421252 0 P 0
L -0.9820856 -1.0421252 -0.9820856 -0.9988192 0 P 0
L -0.9832672 -0.6053155 -0.9832672 -0.5836615 0 P 0
L -0.9832672 -0.6407475 -0.9832672 -0.6190935 0 P 0
L -0.9852352 -0.1249995 -0.9635832 -0.1249995 0 P 0
L -0.9852352 -0.1683075 -0.9635832 -0.1683075 0 P 0
L -0.9852352 -0.1683075 -0.9852352 -0.1249995 0 P 0
L -0.9948421 -2.8051184 -0.9731886 -2.8051184 0 P 0
L -0.9948421 -2.8464569 -0.9731886 -2.8464569 0 P 0
L -0.9948421 -2.8464569 -0.9948421 -2.8051184 0 P 0
L -0.9980312 -0.1781495 -0.9980312 -0.1151575 0 P 0
L -0.9990158 -1.0413378 -0.9990158 -0.9999998 0 P 0
L -1.0068913 -1.2332677 -1.0068913 -1.1899606 0 P 0
L -1.0108272 -0.3464575 -1.0108272 -0.2637795 0 P 0
L -1.0118112 -0.2431095 -1.0118112 -0.2057095 0 P 0
L -1.0206692 -0.4291335 -1.0206692 -0.3720475 0 P 0
L -1.0206698 -0.9999998 -0.9990158 -0.9999998 0 P 0
L -1.0206698 -1.0413378 -0.9990158 -1.0413378 0 P 0
L -1.0206698 -1.0413378 -1.0206698 -0.9999998 0 P 0
L -1.0246072 -0.5836615 -0.9832672 -0.5836615 0 P 0
L -1.0246072 -0.6053155 -0.9832672 -0.6053155 0 P 0
L -1.0246072 -0.6053155 -1.0246072 -0.5836615 0 P 0
L -1.0246072 -0.6190935 -0.9832672 -0.6190935 0 P 0
L -1.0246072 -0.6407475 -0.9832672 -0.6407475 0 P 0
L -1.0246072 -0.6407475 -1.0246072 -0.6190935 0 P 0
L -1.0285448 -1.1899606 -1.0068913 -1.1899606 0 P 0
L -1.0285448 -1.2332677 -1.0068913 -1.2332677 0 P 0
L -1.0285448 -1.2332677 -1.0285448 -1.1899606 0 P 0
L -1.0305111 -1.0411409 -1.0305111 -0.9998029 0 P 0
L -1.0354332 -0.4842515 -1.0354332 -0.4527555 0 P 0
L -1.0374012 -0.5226375 -1.0374012 -0.5009835 0 P 0
L -1.0521651 -0.9998029 -1.0305111 -0.9998029 0 P 0
L -1.0521651 -1.0411409 -1.0305111 -1.0411409 0 P 0
L -1.0521651 -1.0411409 -1.0521651 -0.9998029 0 P 0
L -1.0561039 -1.2332677 -1.0561039 -1.1899606 0 P 0
L -1.0610232 -0.1151575 -0.9980312 -0.1151575 0 P 0
L -1.0610232 -0.1781495 -0.9980312 -0.1781495 0 P 0
L -1.0610232 -0.1781495 -1.0610232 -0.1151575 0 P 0
L -1.0757872 -0.1702755 -1.0757872 -0.1013775 0 P 0
L -1.0777574 -1.1899606 -1.0561039 -1.1899606 0 P 0
L -1.0777574 -1.2332677 -1.0561039 -1.2332677 0 P 0
L -1.0777574 -1.2332677 -1.0777574 -1.1899606 0 P 0
L -1.0807092 -0.2057095 -1.0118112 -0.2057095 0 P 0
L -1.0807092 -0.2431095 -1.0118112 -0.2431095 0 P 0
L -1.0807092 -0.2431095 -1.0807092 -0.2057095 0 P 0
L -1.0807092 -0.5009835 -1.0374012 -0.5009835 0 P 0
L -1.0807092 -0.5226375 -1.0374012 -0.5226375 0 P 0
L -1.0807092 -0.5226375 -1.0807092 -0.5009835 0 P 0
L -1.0881888 -2.0911821 -0.9464569 -2.091182 0 P 0
L -1.0881888 -2.30378 -0.9464569 -2.30378 0 P 0
L -1.0881888 -2.30378 -1.0881888 -2.0911821 0 P 0
L -1.0935032 -0.2637795 -1.0108272 -0.2637795 0 P 0
L -1.0935032 -0.3464575 -1.0108272 -0.3464575 0 P 0
L -1.0935032 -0.3464575 -1.0935032 -0.2637795 0 P 0
L -1.0984252 -0.4527555 -1.0354332 -0.4527555 0 P 0
L -1.0984252 -0.4842515 -1.0354332 -0.4842515 0 P 0
L -1.0984252 -0.4842515 -1.0984252 -0.4527555 0 P 0
L -1.1053192 -1.2332674 -1.1053192 -1.1899594 0 P 0
L -1.1072832 -0.3720475 -1.0206692 -0.3720475 0 P 0
L -1.1072832 -0.4291335 -1.0206692 -0.4291335 0 P 0
L -1.1072832 -0.4291335 -1.1072832 -0.3720475 0 P 0
L -1.1082672 -0.5226375 -1.1082672 -0.5009835 0 P 0
L -1.1108269 -2.3151969 -1.1108269 -2.2738584 0 P 0
L -1.1108271 -2.2169687 -1.1108271 -2.1756302 0 P 0
L -1.1120079 -2.119685 -1.1120079 -2.0763779 0 P 0
L -1.1131892 -0.1013775 -1.0757872 -0.1013775 0 P 0
L -1.1131892 -0.1702755 -1.0757872 -0.1702755 0 P 0
L -1.1131892 -0.1702755 -1.1131892 -0.1013775 0 P 0
L -1.1249992 -0.6781495 -0.8454732 -0.6781495 0 P 0
L -1.1249992 -0.9576775 -0.8454732 -0.9576775 0 P 0
L -1.1249992 -0.9576775 -1.1249992 -0.6781495 0 P 0
L -1.1269692 -0.3080715 -1.1269692 -0.2667315 0 P 0
L -1.1269712 -1.1899594 -1.1053192 -1.1899594 0 P 0
L -1.1269712 -1.2332674 -1.1053192 -1.2332674 0 P 0
L -1.1269712 -1.2332674 -1.1269712 -1.1899594 0 P 0
L -1.1324804 -2.2738584 -1.1108269 -2.2738584 0 P 0
L -1.1324804 -2.3151969 -1.1108269 -2.3151969 0 P 0
L -1.1324804 -2.3151969 -1.1324804 -2.2738584 0 P 0
L -1.1324806 -2.1756302 -1.1108271 -2.1756302 0 P 0
L -1.1324806 -2.2169687 -1.1108271 -2.2169687 0 P 0
L -1.1324806 -2.2169687 -1.1324806 -2.1756302 0 P 0
L -1.1336614 -2.0763779 -1.1120079 -2.0763779 0 P 0
L -1.1336614 -2.119685 -1.1120079 -2.119685 0 P 0
L -1.1336614 -2.119685 -1.1336614 -2.0763779 0 P 0
L -1.1456692 -0.0708655 -0.9015752 -0.0708655 3 P 0
L -1.1456692 -0.3149615 -0.9015752 -0.3149615 3 P 0
L -1.1456692 -0.3149615 -1.1456692 -0.0708655 3 P 0
L -1.1486212 -0.2667315 -1.1269692 -0.2667315 0 P 0
L -1.1486212 -0.3080715 -1.1269692 -0.3080715 0 P 0
L -1.1486212 -0.3080715 -1.1486212 -0.2667315 0 P 0
L -1.1515752 -0.5009835 -1.1082672 -0.5009835 0 P 0
L -1.1515752 -0.5226375 -1.1082672 -0.5226375 0 P 0
L -1.1515752 -0.5226375 -1.1515752 -0.5009835 0 P 0
L -1.1545309 -1.2332674 -1.1545309 -1.1899594 0 P 0
L -1.1702752 -0.8828735 -1.1702752 -0.8415355 0 P 0
L -1.1761849 -1.1899594 -1.1545309 -1.1899594 0 P 0
L -1.1761849 -1.2332674 -1.1545309 -1.2332674 0 P 0
L -1.1761849 -1.2332674 -1.1761849 -1.1899594 0 P 0
L -1.1771652 -0.3149615 -1.1771652 -0.0708655 3 P 0
L -1.1850392 -0.3986215 -1.1850392 -0.3769675 0 P 0
L -1.1888475 -0.1590494 -1.1888475 -0.1275534 0 P 0
L -1.1888475 -0.341332 -1.1888475 -0.309836 0 P 0
L -1.1919292 -0.8415355 -1.1702752 -0.8415355 0 P 0
L -1.1919292 -0.8828735 -1.1702752 -0.8828735 0 P 0
L -1.1919292 -0.8828735 -1.1919292 -0.8415355 0 P 0
L -1.2037425 -1.2332675 -1.2037425 -1.1899595 0 P 0
L -1.2047252 -0.8828735 -1.2047252 -0.8415355 0 P 0
L -1.2253965 -1.1899595 -1.2037425 -1.1899595 0 P 0
L -1.2253965 -1.2332675 -1.2037425 -1.2332675 0 P 0
L -1.2253965 -1.2332675 -1.2253965 -1.1899595 0 P 0
L -1.2263772 -0.8415355 -1.2047252 -0.8415355 0 P 0
L -1.2263772 -0.8828735 -1.2047252 -0.8828735 0 P 0
L -1.2263772 -0.8828735 -1.2263772 -0.8415355 0 P 0
L -1.2283472 -0.3769675 -1.1850392 -0.3769675 0 P 0
L -1.2283472 -0.3986215 -1.1850392 -0.3986215 0 P 0
L -1.2283472 -0.3986215 -1.2283472 -0.3769675 0 P 0
L -1.2518395 -0.1275534 -1.1888475 -0.1275534 0 P 0
L -1.2518395 -0.1590494 -1.1888475 -0.1590494 0 P 0
L -1.2518395 -0.1590494 -1.2518395 -0.1275534 0 P 0
L -1.2518395 -0.309836 -1.1888475 -0.309836 0 P 0
L -1.2518395 -0.341332 -1.1888475 -0.341332 0 P 0
L -1.2518395 -0.341332 -1.2518395 -0.309836 0 P 0
L -1.2527622 -1.2332675 -1.2527622 -1.1899595 0 P 0
L -1.2533777 -0.7175202 -1.2533777 -0.6958667 0 P 0
L -1.2533777 -0.7509842 -1.2533777 -0.7293307 0 P 0
L -1.259842 -0.8484251 -1.259842 -0.7854331 0 P 0
L -1.2598432 -0.5009835 -1.2598432 -0.4438975 0 P 0
L -1.2744162 -1.1899595 -1.2527622 -1.1899595 0 P 0
L -1.2744162 -1.2332675 -1.2527622 -1.2332675 0 P 0
L -1.2744162 -1.2332675 -1.2744162 -1.1899595 0 P 0
L -1.2844488 -0.2039317 -1.2844488 -0.1409395 0 P 0
L -1.2844488 -0.3259843 -1.2844488 -0.2629921 0 P 0
L -1.291338 -0.7854331 -1.259842 -0.7854331 0 P 0
L -1.291338 -0.8484251 -1.259842 -0.8484251 0 P 0
L -1.291338 -0.8484251 -1.291338 -0.7854331 0 P 0
L -1.2966848 -0.6958667 -1.2533777 -0.6958667 0 P 0
L -1.2966848 -0.7175202 -1.2533777 -0.7175202 0 P 0
L -1.2966848 -0.7175202 -1.2966848 -0.6958667 0 P 0
L -1.2966848 -0.7293307 -1.2533777 -0.7293307 0 P 0
L -1.2966848 -0.7509842 -1.2533777 -0.7509842 0 P 0
L -1.2966848 -0.7509842 -1.2966848 -0.7293307 0 P 0
L -1.3019679 -1.2332675 -1.3019679 -1.1899595 0 P 0
L -1.3061035 -0.8297231 -1.3061035 -0.7883851 0 P 0
L -1.3159448 -0.1409395 -1.2844488 -0.1409395 0 P 0
L -1.3159448 -0.2039317 -1.2844488 -0.2039317 0 P 0
L -1.3159448 -0.2039317 -1.3159448 -0.1409395 0 P 0
L -1.3159448 -0.2629921 -1.2844488 -0.2629921 0 P 0
L -1.3159448 -0.3259843 -1.2844488 -0.3259843 0 P 0
L -1.3159448 -0.3259843 -1.3159448 -0.2629921 0 P 0
L -1.3236199 -1.1899595 -1.3019679 -1.1899595 0 P 0
L -1.3236199 -1.2332675 -1.3019679 -1.2332675 0 P 0
L -1.3236199 -1.2332675 -1.3236199 -1.1899595 0 P 0
L -1.3277555 -0.7883851 -1.3061035 -0.7883851 0 P 0
L -1.3277555 -0.8297231 -1.3061035 -0.8297231 0 P 0
L -1.3277555 -0.8297231 -1.3277555 -0.7883851 0 P 0
L -1.3366826 -0.2049157 -1.3366826 -0.1635777 0 P 0
L -1.3370763 -0.3041286 -1.3370763 -0.2627906 0 P 0
L -1.3464572 -0.4438975 -1.2598432 -0.4438975 0 P 0
L -1.3464572 -0.5009835 -1.2598432 -0.5009835 0 P 0
L -1.3464572 -0.5009835 -1.3464572 -0.4438975 0 P 0
L -1.3510216 -1.2332675 -1.3510216 -1.1899595 0 P 0
L -1.3583346 -0.1635777 -1.3366826 -0.1635777 0 P 0
L -1.3583346 -0.2049157 -1.3366826 -0.2049157 0 P 0
L -1.3583346 -0.2049157 -1.3583346 -0.1635777 0 P 0
L -1.3587283 -0.2627906 -1.3370763 -0.2627906 0 P 0
L -1.3587283 -0.3041286 -1.3370763 -0.3041286 0 P 0
L -1.3587283 -0.3041286 -1.3587283 -0.2627906 0 P 0
L -1.3726756 -1.1899595 -1.3510216 -1.1899595 0 P 0
L -1.3726756 -1.2332675 -1.3510216 -1.2332675 0 P 0
L -1.3726756 -1.2332675 -1.3726756 -1.1899595 0 P 0
L -1.3937012 -0.4921255 -1.3937012 -0.4488195 0 P 0
L -1.4000373 -1.2332675 -1.4000373 -1.1899595 0 P 0
L -1.4153552 -0.4488195 -1.3937012 -0.4488195 0 P 0
L -1.4153552 -0.4921255 -1.3937012 -0.4921255 0 P 0
L -1.4153552 -0.4921255 -1.4153552 -0.4488195 0 P 0
L -1.4212592 -0.0708655 -1.1771652 -0.0708655 3 P 0
L -1.4212592 -0.3149615 -1.1771652 -0.3149615 3 P 0
L -1.4212592 -0.3149615 -1.4212592 -0.0708655 3 P 0
L -1.4216913 -1.1899595 -1.4000373 -1.1899595 0 P 0
L -1.4216913 -1.2332675 -1.4000373 -1.2332675 0 P 0
L -1.4216913 -1.2332675 -1.4216913 -1.1899595 0 P 0
L -1.4488216 -1.2332677 -1.4488216 -1.1899597 0 P 0
L -1.4655505 -1.0503235 -1.4655505 -1.0070155 0 P 0
L -1.4704756 -1.1899597 -1.4488216 -1.1899597 0 P 0
L -1.4704756 -1.2332677 -1.4488216 -1.2332677 0 P 0
L -1.4704756 -1.2332677 -1.4704756 -1.1899597 0 P 0
L -1.4742125 -0.4438976 -1.4742125 -0.0383858 0 P 0
L -1.4872045 -1.0070155 -1.4655505 -1.0070155 0 P 0
L -1.4872045 -1.0503235 -1.4655505 -1.0503235 0 P 0
L -1.4872045 -1.0503235 -1.4872045 -1.0070155 0 P 0
L -1.5009845 -1.0503235 -1.5009845 -1.0070155 0 P 0
L -1.5226385 -1.0070155 -1.5009845 -1.0070155 0 P 0
L -1.5226385 -1.0503235 -1.5009845 -1.0503235 0 P 0
L -1.5226385 -1.0503235 -1.5226385 -1.0070155 0 P 0
L -1.5374012 -1.3001975 -1.5374012 -1.2588575 0 P 0
L -1.5374012 -1.4064955 -1.5374012 -1.3651575 0 P 0
L -1.5541332 -0.9340555 -1.5541332 -0.8907475 0 P 0
L -1.5590552 -1.2588575 -1.5374012 -1.2588575 0 P 0
L -1.5590552 -1.3001975 -1.5374012 -1.3001975 0 P 0
L -1.5590552 -1.3001975 -1.5590552 -1.2588575 0 P 0
L -1.5590552 -1.3651575 -1.5374012 -1.3651575 0 P 0
L -1.5590552 -1.4064955 -1.5374012 -1.4064955 0 P 0
L -1.5590552 -1.4064955 -1.5590552 -1.3651575 0 P 0
L -1.5757872 -0.8907475 -1.5541332 -0.8907475 0 P 0
L -1.5757872 -0.9340555 -1.5541332 -0.9340555 0 P 0
L -1.5757872 -0.9340555 -1.5757872 -0.8907475 0 P 0
L -1.5875992 -1.3149615 -1.5875992 -1.2736215 0 P 0
L -1.5875992 -1.3917315 -1.5875992 -1.3503935 0 P 0
L -1.5935032 -0.9838575 -1.5935032 -0.9255915 0 P 0
L -1.6092512 -1.2736215 -1.5875992 -1.2736215 0 P 0
L -1.6092512 -1.3149615 -1.5875992 -1.3149615 0 P 0
L -1.6092512 -1.3149615 -1.6092512 -1.2736215 0 P 0
L -1.6092512 -1.3503935 -1.5875992 -1.3503935 0 P 0
L -1.6092512 -1.3917315 -1.5875992 -1.3917315 0 P 0
L -1.6092512 -1.3917315 -1.6092512 -1.3503935 0 P 0
L -1.6141732 -1.0610235 -1.6141732 -1.0393695 0 P 0
L -1.6515752 -0.8700795 -1.6515752 -0.8484255 0 P 0
L -1.6574812 -1.0393695 -1.6141732 -1.0393695 0 P 0
L -1.6574812 -1.0610235 -1.6141732 -1.0610235 0 P 0
L -1.6574812 -1.0610235 -1.6574812 -1.0393695 0 P 0
L -1.6633852 -3.5137804 -1.6633852 -3.4704724 0 P 0
L -1.6749999 -0.0383858 -1.4742125 -0.0383858 0 P 0
L -1.6749999 -0.4438976 -1.4742125 -0.4438976 0 P 0
L -1.6749999 -0.4438976 -1.6749999 -0.0383858 0 P 0
L -1.6794712 0.0000005 -0.8415532 0.0000005 0 P 0
L -1.6850392 -3.4704724 -1.6633852 -3.4704724 0 P 0
L -1.6850392 -3.5137804 -1.6633852 -3.5137804 0 P 0
L -1.6850392 -3.5137804 -1.6850392 -3.4704724 0 P 0
L -1.6907472 -1.6496055 -1.6907472 -1.5295275 0 P 0
L -1.6938512 -1.4390235 -1.6938512 -1.1634335 0 P 0
L -1.6948812 -0.8484255 -1.6515752 -0.8484255 0 P 0
L -1.6948812 -0.8700795 -1.6515752 -0.8700795 0 P 0
L -1.6948812 -0.8700795 -1.6948812 -0.8484255 0 P 0
L -1.7135832 -0.9255915 -1.5935032 -0.9255915 0 P 0
L -1.7135832 -0.9838575 -1.5935032 -0.9838575 0 P 0
L -1.7135832 -0.9838575 -1.7135832 -0.9255915 0 P 0
L -1.7332672 -0.9838575 -1.7332672 -0.9255915 0 P 0
L -1.7362192 -0.5110233 -1.7362192 -0.4527553 0 P 0
L -1.7362212 -0.6905515 -1.7362212 -0.6322835 0 P 0
L -1.7381892 -0.7706695 -1.7381892 -0.7490155 0 P 0
L -1.7470472 -0.3257875 -1.7470472 -0.2824795 0 P 0
L -1.7490152 -1.5295275 -1.6907472 -1.5295275 0 P 0
L -1.7490152 -1.6496055 -1.6907472 -1.6496055 0 P 0
L -1.7490152 -1.6496055 -1.7490152 -1.5295275 0 P 0
L -1.7539372 -1.0610235 -1.7539372 -1.0393695 0 P 0
L -1.7687012 -0.2824795 -1.7470472 -0.2824795 0 P 0
L -1.7687012 -0.3257875 -1.7470472 -0.3257875 0 P 0
L -1.7687012 -0.3257875 -1.7687012 -0.2824795 0 P 0
L -1.7814952 -0.3257875 -1.7814952 -0.2824795 0 P 0
L -1.7814952 -0.7490155 -1.7381892 -0.7490155 0 P 0
L -1.7814952 -0.7706695 -1.7381892 -0.7706695 0 P 0
L -1.7814952 -0.7706695 -1.7814952 -0.7490155 0 P 0
L -1.7913392 -0.8700795 -1.7913392 -0.8484255 0 P 0
L -1.7972432 -1.0393695 -1.7539372 -1.0393695 0 P 0
L -1.7972432 -1.0610235 -1.7539372 -1.0610235 0 P 0
L -1.7972432 -1.0610235 -1.7972432 -1.0393695 0 P 0
L -1.8031492 -0.2824795 -1.7814952 -0.2824795 0 P 0
L -1.8031492 -0.3257875 -1.7814952 -0.3257875 0 P 0
L -1.8031492 -0.3257875 -1.8031492 -0.2824795 0 P 0
L -1.8051172 -1.5935035 -1.8051172 -1.5501975 0 P 0
L -1.8051172 -1.6683075 -1.8051172 -1.6249995 0 P 0
L -1.8267712 -0.7844495 -1.8267712 -0.7490155 0 P 0
L -1.8267712 -1.5501975 -1.8051172 -1.5501975 0 P 0
L -1.8267712 -1.5935035 -1.8051172 -1.5935035 0 P 0
L -1.8267712 -1.5935035 -1.8267712 -1.5501975 0 P 0
L -1.8267712 -1.6249995 -1.8051172 -1.6249995 0 P 0
L -1.8267712 -1.6683075 -1.8051172 -1.6683075 0 P 0
L -1.8267712 -1.6683075 -1.8267712 -1.6249995 0 P 0
L -1.830315 -0.3366143 -1.830315 -0.2578741 2 P 0
L -1.8346452 -0.8484255 -1.7913392 -0.8484255 0 P 0
L -1.8346452 -0.8700795 -1.7913392 -0.8700795 0 P 0
L -1.8346452 -0.8700795 -1.8346452 -0.8484255 0 P 0
L -1.8385832 -1.5925195 -1.8385832 -1.5511815 0 P 0
L -1.8385832 -1.6673235 -1.8385832 -1.6259835 0 P 0
L -1.8533472 -0.9255915 -1.7332672 -0.9255915 0 P 0
L -1.8533472 -0.9838575 -1.7332672 -0.9838575 0 P 0
L -1.8533472 -0.9838575 -1.8533472 -0.9255915 0 P 0
L -1.8562992 -0.4527553 -1.7362192 -0.4527553 0 P 0
L -1.8562992 -0.5110233 -1.7362192 -0.5110233 0 P 0
L -1.8562992 -0.5110233 -1.8562992 -0.4527553 0 P 0
L -1.8562992 -0.6322835 -1.7362212 -0.6322835 0 P 0
L -1.8562992 -0.6905515 -1.7362212 -0.6905515 0 P 0
L -1.8562992 -0.6905515 -1.8562992 -0.6322835 0 P 0
L -1.8602372 -1.5511815 -1.8385832 -1.5511815 0 P 0
L -1.8602372 -1.5925195 -1.8385832 -1.5925195 0 P 0
L -1.8602372 -1.5925195 -1.8602372 -1.5511815 0 P 0
L -1.8602372 -1.6259835 -1.8385832 -1.6259835 0 P 0
L -1.8602372 -1.6673235 -1.8385832 -1.6673235 0 P 0
L -1.8602372 -1.6673235 -1.8602372 -1.6259835 0 P 0
L -1.8730312 -0.9838575 -1.8730312 -0.9255915 0 P 0
L -1.8769692 -0.7155515 -1.8769692 -0.6486215 0 P 0
L -1.8818892 -1.5629915 -1.8818892 -1.5413395 0 P 0
L -1.8937012 -0.7490155 -1.8267712 -0.7490155 0 P 0
L -1.8937012 -0.7844495 -1.8267712 -0.7844495 0 P 0
L -1.8937012 -0.7844495 -1.8937012 -0.7490155 0 P 0
L -1.8946852 -1.0610235 -1.8946852 -1.0393695 0 P 0
L -1.9124012 -0.6486215 -1.8769692 -0.6486215 0 P 0
L -1.9124012 -0.7155515 -1.8769692 -0.7155515 0 P 0
L -1.9124012 -0.7155515 -1.9124012 -0.6486215 0 P 0
L -1.9137792 -0.5488193 -1.9137792 -0.4287413 0 P 0
L -1.9169291 -0.2578741 -1.830315 -0.2578741 2 P 0
L -1.9169291 -0.3366143 -1.830315 -0.3366143 2 P 0
L -1.9169291 -0.3366143 -1.9169291 -0.2578741 2 P 0
L -1.9251972 -1.5413395 -1.8818892 -1.5413395 0 P 0
L -1.9251972 -1.5629915 -1.8818892 -1.5629915 0 P 0
L -1.9251972 -1.5629915 -1.9251972 -1.5413395 0 P 0
L -1.9320872 -0.8700795 -1.9320872 -0.8484255 0 P 0
L -1.9379912 -1.0393695 -1.8946852 -1.0393695 0 P 0
L -1.9379912 -1.0610235 -1.8946852 -1.0610235 0 P 0
L -1.9379912 -1.0610235 -1.9379912 -1.0393695 0 P 0
L -1.9527552 -0.7844495 -1.9527552 -0.7490155 0 P 0
L -1.9694412 -1.1634335 -1.6938512 -1.1634335 0 P 0
L -1.9694412 -1.4390235 -1.6938512 -1.4390235 0 P 0
L -1.9694412 -1.4390235 -1.9694412 -1.1634335 0 P 0
L -1.9720472 -0.4287413 -1.9137792 -0.4287413 0 P 0
L -1.9720472 -0.5488193 -1.9137792 -0.5488193 0 P 0
L -1.9720472 -0.5488193 -1.9720472 -0.4287413 0 P 0
L -1.9753932 -0.8484255 -1.9320872 -0.8484255 0 P 0
L -1.9753932 -0.8700795 -1.9320872 -0.8700795 0 P 0
L -1.9753932 -0.8700795 -1.9753932 -0.8484255 0 P 0
L -1.9872052 -0.7283455 -1.9872052 -0.6062995 0 P 0
L -1.9931092 -0.9255915 -1.8730312 -0.9255915 0 P 0
L -1.9931092 -0.9838575 -1.8730312 -0.9838575 0 P 0
L -1.9931092 -0.9838575 -1.9931092 -0.9255915 0 P 0
L -1.9942908 -0.2845675 -1.9942908 -0.2432275 0 P 0
L -2.0066927 -0.5883859 -2.0066927 -0.5667324 0 P 0
L -2.0159448 -0.2432275 -1.9942908 -0.2432275 0 P 0
L -2.0159448 -0.2845675 -1.9942908 -0.2845675 0 P 0
L -2.0159448 -0.2845675 -2.0159448 -0.2432275 0 P 0
L -2.0196852 -0.7490155 -1.9527552 -0.7490155 0 P 0
L -2.0196852 -0.7844495 -1.9527552 -0.7844495 0 P 0
L -2.0196852 -0.7844495 -2.0196852 -0.7490155 0 P 0
L -2.0226372 -1.0039375 -2.0226372 -0.9625975 0 P 0
L -2.0297248 -0.2855515 -2.0297248 -0.2422435 0 P 0
L -2.0344492 -0.9330715 -2.0344492 -0.9114175 0 P 0
L -2.0442912 -0.9625975 -2.0226372 -0.9625975 0 P 0
L -2.0442912 -1.0039375 -2.0226372 -1.0039375 0 P 0
L -2.0442912 -1.0039375 -2.0442912 -0.9625975 0 P 0
L -2.0462592 -1.4192915 -2.0462592 -1.3779535 0 P 0
L -2.0499998 -0.5667324 -2.0066927 -0.5667324 0 P 0
L -2.0499998 -0.5883859 -2.0066927 -0.5883859 0 P 0
L -2.0499998 -0.5883859 -2.0499998 -0.5667324 0 P 0
L -2.0511812 -1.5216535 -2.0511812 -1.4586615 0 P 0
L -2.0513788 -0.2422435 -2.0297248 -0.2422435 0 P 0
L -2.0513788 -0.2855515 -2.0297248 -0.2855515 0 P 0
L -2.0513788 -0.2855515 -2.0513788 -0.2422435 0 P 0
L -2.0580712 -1.0354335 -2.0580712 -0.9665355 0 P 0
L -2.0673232 -0.5488193 -2.0673232 -0.4287393 0 P 0
L -2.0679132 -1.3779535 -2.0462592 -1.3779535 0 P 0
L -2.0679132 -1.4192915 -2.0462592 -1.4192915 0 P 0
L -2.0679132 -1.4192915 -2.0679132 -1.3779535 0 P 0
L -2.0777552 -0.9114175 -2.0344492 -0.9114175 0 P 0
L -2.0777552 -0.9330715 -2.0344492 -0.9330715 0 P 0
L -2.0777552 -0.9330715 -2.0777552 -0.9114175 0 P 0
L -2.0787392 -1.4192915 -2.0787392 -1.3779535 0 P 0
L -2.0826772 -1.4586615 -2.0511812 -1.4586615 0 P 0
L -2.0826772 -1.5216535 -2.0511812 -1.5216535 0 P 0
L -2.0826772 -1.5216535 -2.0826772 -1.4586615 0 P 0
L -2.0954732 -0.9665355 -2.0580712 -0.9665355 0 P 0
L -2.0954732 -1.0354335 -2.0580712 -1.0354335 0 P 0
L -2.0954732 -1.0354335 -2.0954732 -0.9665355 0 P 0
L -2.0960619 -0.5883853 -2.0960619 -0.5667333 0 P 0
L -2.0968512 -0.8681095 -2.0968512 -0.7480315 0 P 0
L -2.1003932 -1.3779535 -2.0787392 -1.3779535 0 P 0
L -2.1003932 -1.4192915 -2.0787392 -1.4192915 0 P 0
L -2.1003932 -1.4192915 -2.1003932 -1.3779535 0 P 0
L -2.1036872 -0.0137795 -1.7100132 -0.0137795 0 P 0
L -2.1092512 -0.6062995 -1.9872052 -0.6062995 0 P 0
L -2.1092512 -0.7283455 -1.9872052 -0.7283455 0 P 0
L -2.1092512 -0.7283455 -2.1092512 -0.6062995 0 P 0
L -2.1151572 -1.1338575 -2.1151572 -1.0118115 0 P 0
L -2.1220472 -1.2273615 -2.1220472 -1.2057095 0 P 0
L -2.1230312 -1.2598415 -2.1230312 -1.2381895 0 P 0
L -2.1255912 -0.4287393 -2.0673232 -0.4287393 0 P 0
L -2.1255912 -0.5488193 -2.0673232 -0.5488193 0 P 0
L -2.1255912 -0.5488193 -2.1255912 -0.4287393 0 P 0
L -2.1393699 -0.5667333 -2.0960619 -0.5667333 0 P 0
L -2.1393699 -0.5883853 -2.0960619 -0.5883853 0 P 0
L -2.1393699 -0.5883853 -2.1393699 -0.5667333 0 P 0
L -2.1476372 -0.9399595 -2.1476372 -0.9183075 0 P 0
L -2.1486212 -0.9074795 -2.1486212 -0.8858275 0 P 0
L -2.1551172 -0.7480315 -2.0968512 -0.7480315 0 P 0
L -2.1551172 -0.8681095 -2.0968512 -0.8681095 0 P 0
L -2.1551172 -0.8681095 -2.1551172 -0.7480315 0 P 0
L -2.1643692 -1.2381895 -2.1230312 -1.2381895 0 P 0
L -2.1643692 -1.2598415 -2.1230312 -1.2598415 0 P 0
L -2.1643692 -1.2598415 -2.1643692 -1.2381895 0 P 0
L -2.1653532 -1.2057095 -2.1220472 -1.2057095 0 P 0
L -2.1653532 -1.2273615 -2.1220472 -1.2273615 0 P 0
L -2.1653532 -1.2273615 -2.1653532 -1.2057095 0 P 0
L -2.1801172 -0.6574795 -2.1801172 -0.6161415 0 P 0
L -2.1899612 -0.8858275 -2.1486212 -0.8858275 0 P 0
L -2.1899612 -0.9074795 -2.1486212 -0.9074795 0 P 0
L -2.1899612 -0.9074795 -2.1899612 -0.8858275 0 P 0
L -2.1909452 -0.9183075 -2.1476372 -0.9183075 0 P 0
L -2.1909452 -0.9399595 -2.1476372 -0.9399595 0 P 0
L -2.1909452 -0.9399595 -2.1909452 -0.9183075 0 P 0
L -2.1968512 -1.2273615 -2.1968512 -1.2057095 0 P 0
L -2.2017712 -0.6161415 -2.1801172 -0.6161415 0 P 0
L -2.2017712 -0.6574795 -2.1801172 -0.6574795 0 P 0
L -2.2017712 -0.6574795 -2.2017712 -0.6161415 0 P 0
L -2.2135832 -0.9301175 -2.2135832 -0.8868115 0 P 0
L -2.2145672 -0.7765755 -2.2145672 -0.7096455 0 P 0
L -2.2155512 -0.6594495 -2.2155512 -0.5905515 0 P 0
L -2.2240165 -0.5397637 -2.2240165 -0.4964577 0 P 0
L -2.2283464 -1.9942914 -2.2283464 -1.9726379 0 P 0
L -2.2283464 -2.0438977 -2.2283464 -2.0222442 0 P 0
L -2.2352352 -0.8868115 -2.2135832 -0.8868115 0 P 0
L -2.2352352 -0.9301175 -2.2135832 -0.9301175 0 P 0
L -2.2352352 -0.9301175 -2.2352352 -0.8868115 0 P 0
L -2.2372052 -1.0118115 -2.1151572 -1.0118115 0 P 0
L -2.2372052 -1.1338575 -2.1151572 -1.1338575 0 P 0
L -2.2372052 -1.1338575 -2.2372052 -1.0118115 0 P 0
L -2.2401572 -1.2057095 -2.1968512 -1.2057095 0 P 0
L -2.2401572 -1.2273615 -2.1968512 -1.2273615 0 P 0
L -2.2401572 -1.2273615 -2.2401572 -1.2057095 0 P 0
L -2.2456685 -0.4964577 -2.2240165 -0.4964577 0 P 0
L -2.2456685 -0.5397637 -2.2240165 -0.5397637 0 P 0
L -2.2456685 -0.5397637 -2.2456685 -0.4964577 0 P 0
L -2.2499992 -0.7096455 -2.2145672 -0.7096455 0 P 0
L -2.2499992 -0.7765755 -2.2145672 -0.7765755 0 P 0
L -2.2499992 -0.7765755 -2.2499992 -0.7096455 0 P 0
L -2.2529532 -0.5905515 -2.2155512 -0.5905515 0 P 0
L -2.2529532 -0.6594495 -2.2155512 -0.6594495 0 P 0
L -2.2529532 -0.6594495 -2.2529532 -0.5905515 0 P 0
L -2.2549212 -1.0629915 -2.2549212 -1.0196855 0 P 0
L -2.2549212 -1.1407475 -2.2549212 -1.0994095 0 P 0
L -2.2716535 -1.9726379 -2.2283464 -1.9726379 0 P 0
L -2.2716535 -1.9942914 -2.2283464 -1.9942914 0 P 0
L -2.2716535 -1.9942914 -2.2716535 -1.9726379 0 P 0
L -2.2716535 -2.0222442 -2.2283464 -2.0222442 0 P 0
L -2.2716535 -2.0438977 -2.2283464 -2.0438977 0 P 0
L -2.2716535 -2.0438977 -2.2716535 -2.0222442 0 P 0
L -2.2755912 -0.6456695 -2.2755912 -0.6023615 0 P 0
L -2.2765752 -1.0196855 -2.2549212 -1.0196855 0 P 0
L -2.2765752 -1.0629915 -2.2549212 -1.0629915 0 P 0
L -2.2765752 -1.0629915 -2.2765752 -1.0196855 0 P 0
L -2.2765752 -1.0994095 -2.2549212 -1.0994095 0 P 0
L -2.2765752 -1.1407475 -2.2549212 -1.1407475 0 P 0
L -2.2765752 -1.1407475 -2.2765752 -1.0994095 0 P 0
L -2.2972432 -0.6023615 -2.2755912 -0.6023615 0 P 0
L -2.2972432 -0.6456695 -2.2755912 -0.6456695 0 P 0
L -2.2972432 -0.6456695 -2.2972432 -0.6023615 0 P 0
L -2.3622052 0.0000005 -2.1342292 0.0000005 0 P 0
L -2.3622052 -3.9370075 0.0000008 -3.9370075 0 P 0
L -2.3622052 -3.9370075 -2.3622052 0.0000005 0 P 0
L -2.6673228 -3.3814961 -2.6673228 -3.3811017 1 P 0
P -0.2559168 -0.1358835 5 P 0 0
P -0.344485 -0.1359025 7 P 0 0
P -1.2657082 -0.4724445 6 P 0 0
